2.0875 0.0005958 -38.477 69.17 1.6355 90.604 -29.009 18.651 99.995 1017.5 3.7254 0.012031 18.781 0.0091922 307.52 24.956
1.4906 0.00054111 -36.955 65.29 1.5141 81.637 -33.121 21.977 43.857 1018.9 2.3713 0.011631 16.518 0.017482 318.66 24.769
4.6406 0.0001987 -37.087 59.462 1.1714 67.538 -38.74 24.965 11.407 1025 4.2573 0.0066216 21.351 0.010181 303.46 24.141
7.9188 0.0002098 -40.263 52.988 1.8711 47.872 -25.953 26.867 10.669 1021.9 3.2359 0.010194 19.733 0.0085251 459.3 22.492
3.3669 0.00038948 -38.639 65.482 1.5078 77.152 -29.374 20.196 32.9 1053.2 2.0492 0.015814 13.404 0.021251 389.33 24.824
6.5651 0.00016606 -38.276 61.981 1.4971 70.253 -27.479 20.136 11.427 1022.2 3.2821 0.015548 16.389 0.01303 417.79 25.328
6.2834 2.1473e-12 -42.093 57.049 1.603 70.994 -27.225 25.956 10.6 1024.5 1.9802 0.015058 14.15 0.021093 453.63 22.015
3.7578 0.00028182 -39.574 58.593 1.8292 76.671 -25.841 18.125 47.828 1024 2.427 0.0094981 19.42 0.010927 413.2 25.496
4.6894 0.00057973 -39.716 67.231 1.1103 91.524 -39.803 16.607 63.387 1014.5 3.4572 0.0091535 20.495 0.0075594 360.8 25.671
5.2219 2.1316e-12 -40.303 56.668 1.5603 68.184 -34.92 30.115 10.033 1028.4 2.1811 0.0098304 18.401 0.012477 401.39 22.052
3.8409 0.00017965 -36.803 54.594 1.1157 63.538 -37.496 28.946 11.397 1040.1 3.8129 0.015319 16.887 0.010701 309.85 23.202
2.8034 0.00024972 -39.15 62.617 1.1182 84.119 -35.986 21.24 14.65 1050.3 1.4429 0.0062895 20.751 0.01098 391.37 24.997
2.9158 0.00048609 -37.674 63.804 1.361 77.368 -39.066 35.235 10.389 1035.9 1.4992 0.0068108 19.003 0.010936 376.78 23.379
4.8297 0.00043798 -39.653 64.586 1.0555 88.195 -37.378 17.664 39.156 1020.4 2.1567 0.0093784 19.781 0.012662 412.34 25.63
5.6923 0.0003516 -39.669 70.287 1.7807 79.976 -26.323 16.87 53.613 1018.6 2.14 0.013771 14.947 0.017678 495.01 25.773
3.5832 0.00017309 -37.316 65.62 1.6361 84.053 -29.781 31.528 13.886 1041.9 2.9149 0.015865 15.342 0.018608 344.99 22.951
4.4918 0.00025181 -38.939 61.906 1.9522 78.858 -27.025 23.556 15.378 1022.6 1.8596 0.0077309 19.464 0.011087 428.54 24.806
5.8202 0.00043657 -41.182 57.897 1.0847 68.08 -41.249 20.235 16.484 1019.2 2.2334 0.007621 20.63 0.012301 404.07 24.23
4.894 0.00012686 -37.213 54.902 1.7016 53.677 -30.712 27.823 10.164 1040 3.8813 0.0086479 20.521 0.0077673 332.38 23.736
5.0202 0.00025002 -41.674 59.011 1.3731 72.579 -38.422 26.416 11.548 1016.3 2.593 0.013659 17.068 0.015529 350.31 22.416
4.1493 0.00038074 -37.196 67.276 1.836 75.698 -25.912 19.026 64.843 1049.3 3.0545 0.015552 16.179 0.014311 391.85 25.879
3.0257 0.00088771 -38.402 57.276 1.4253 74.529 -37.862 30.995 10.077 1024.7 2.305 0.013022 16.528 0.016171 337.5 22.992
3.7285 0.0001036 -37.379 54.854 1.6087 62.042 -32.539 34.977 10.368 1052.6 2.6942 0.010975 18.196 0.013756 338.15 21.889
1.9776 0.00065878 -38.582 60.377 1.1218 75.928 -31.184 18.51 82.885 1022 2.485 0.014188 16.248 0.016572 331.04 25.166
6.0993 0.000251 -38.881 52.314 1.4081 50.259 -28.015 21.405 12.019 1016.4 2.4465 0.011376 17.339 0.016223 443.62 24.696
4.9842 0.00032641 -39.334 54.435 1.3314 60.557 -33.913 28.511 10.952 1028.2 3.2523 0.021024 13.69 0.022941 357.39 22.188
2.9775 0.00011308 -37.949 58.588 1.134 68.524 -36.714 22.961 18.513 1046.8 2.966 0.014424 17.042 0.013698 345.03 24.373
2.7002 0.0004415 -38.482 67.431 1.6424 84.029 -30.724 23.088 10.185 1024.4 2.4595 0.013073 16.494 0.015235 342.95 24.602
1.9325 0.00031808 -38.256 56.67 1.477 64.914 -29.239 19.719 46.63 1030.6 2.7031 0.016826 14.612 0.018769 331.33 24.658
4.4118 0.0003985 -38.153 56.44 1.6972 59.896 -29.873 32.312 12.145 1020.3 2.3542 0.0085862 19.501 0.012906 380.58 22.231
4.7082 0.00036072 -38.523 53.684 1.5897 48.899 -29.048 29.766 11.341 1028.7 1.5491 0.0076454 19.003 0.012371 455.72 23.101
3.6984 0.00065451 -38.733 68.482 1.5624 82.869 -25.925 18.481 58.347 1021.8 2.1244 0.0078478 20.826 0.010306 425.61 25.764
3.5798 4.4747e-05 -39.937 61.91 1.6784 66.603 -27.851 26.411 11.347 1033.9 1.8539 0.006514 20.552 0.0092845 379.92 23.547
3.1497 0.00029372 -37.251 64.741 1.648 74.851 -32.536 32.615 11.419 1062.8 1.4428 0.0065482 18.208 0.010407 400.86 23.193
3.8613 0.00027404 -38.571 55.44 1.293 58.542 -32.762 20.472 21.076 1027.5 2.1319 0.010413 17.664 0.013294 401.99 25.086
3.1537 0.00029769 -39.317 66.547 1.1921 80.72 -41.15 26.865 12.5 1036 1.7554 0.013027 14.137 0.017712 362.16 23.332
6.111 0.00036992 -39.659 61.397 1.2563 74.615 -34.321 25.961 11.195 1019.5 4.2313 0.012547 17.719 0.0087182 339.7 22.523
6.2164 0.00020982 -38.512 56.078 1.1878 60.208 -34.148 28.038 13.195 1017.2 3.9628 0.021194 13.987 0.016507 353.42 22.187
6.1944 0.00049209 -40.767 61.071 1.4865 86.199 -33.003 20.832 14.86 1016.5 3.7483 0.014394 17.157 0.010141 347.63 23.864
4.3989 0.0002715 -40.135 62.829 1.0975 76.009 -41.357 19.963 13.257 1016.4 1.6198 0.0079009 16.341 0.010961 391.67 24.765
2.9515 0.00031218 -38.485 63.174 1.5873 68.576 -30.038 21.034 13.867 1033 1.5986 0.0061191 21.213 0.010067 417.49 25.259
5.554 0.00015872 -40.447 63.564 1.8406 79.273 -30.485 29.706 10.504 1019.9 2.499 0.011287 17.669 0.012616 404.14 21.834
7.3718 0.00019875 -39.622 59.165 1.4439 74.003 -36.991 23.924 10.605 1019.5 4.2895 0.0078576 20.379 0.0086727 351.11 23.271
3.9389 0.00023032 -39.503 65.564 1.4182 82.063 -37.267 26.702 10.763 1057.4 1.7356 0.010166 16.473 0.014626 392.66 23.741
5.3411 0.00019684 -39.103 56.458 1.1108 61.069 -33.968 18.457 32.717 1030.6 2.6994 0.012682 17.267 0.013184 403.89 25.393
3.803 0.00039164 -41.501 60.294 1.3958 79.84 -32.834 17.933 23.132 1018.8 1.8438 0.0097614 16.432 0.013274 385.4 24.351
6.2428 0.00017457 -40.709 57.64 1.3405 66.392 -31.436 21.526 17.3 1016.6 2.1912 0.011186 16.538 0.018087 420.88 24.005
3.5926 0.00024101 -40.518 60.117 1.3892 67.496 -36.621 31.516 10.897 1027.3 2.2675 0.014524 14.52 0.023366 335.44 21.319
5.5105 0.00041234 -39.8 58.108 1.2012 72.482 -31.795 20.618 18.193 1030.1 2.133 0.0081366 20.629 0.010751 430.85 24.996
3.0197 0.00012089 -39.353 60.167 1.7529 71.198 -32.427 31.173 11.083 1026.3 2.2569 0.013807 14.746 0.022035 323.8 22.734
3.4806 0.0001914 -38.437 63.194 1.5435 89.425 -30.32 24.867 17.421 1022.7 3.7154 0.012485 17.926 0.010075 308.26 23.704
4.1622 0.00035553 -40.474 60.253 1.1767 67.92 -37.054 24.886 11.948 1026.1 1.5432 0.0096086 14.515 0.012598 417.61 23.351
3.8874 0.0003786 -38.815 62.245 1.6922 74.958 -28.855 23.699 15.735 1014.1 2.4884 0.016986 14.151 0.020661 342.92 24.05
4.6536 0.00042665 -36.99 63.061 1.965 65.719 -27.555 26.405 11.248 1016.7 3.1465 0.0091379 20.944 0.0082904 372.43 24.359
4.3683 0.00039709 -40.846 66.654 1.3012 79.429 -38.659 21.079 13.33 1020.5 2.5209 0.010179 19.631 0.011687 374.64 23.947
5.4914 0.00025464 -37.842 60.276 1.1421 70.145 -38.737 26.826 13.593 1016.2 4.7882 0.013881 16.09 0.0089918 310.55 22.741
4.597 0.00012886 -38.212 53.396 1.6678 53.887 -29.228 24.163 11.293 1016.6 3.1791 0.017876 15.151 0.016234 337.79 24.149
5.4888 0.00027444 -38.938 60.808 1.3326 74.612 -35.195 19.522 18.578 1015.9 3.9174 0.0077691 21.23 0.007886 337.22 25.013
4.5817 0.00048315 -40.365 58.124 1.2488 76.651 -38.46 25.408 11.35 1018.5 3.7583 0.021122 14.107 0.017091 311.7 22.452
3.6443 0.00014691 -39.429 60.815 1.6279 65.027 -28.969 22.369 11.019 1021.7 1.6047 0.0084599 17.39 0.012729 400.69 24.581
2.5508 0.00067059 -37.42 57.086 1.4615 69.042 -28.697 19.607 74.521 1023.4 4.0479 0.018211 15.14 0.012707 321.07 25.207
2.9571 7.2796e-05 -39.357 55.097 1.1787 57.929 -36.174 24.605 15.586 1042.3 3.46 0.015109 16.556 0.011721 307.72 23.859
5.0307 0.00077691 -38.35 62.328 1.2695 71.63 -37.936 28.809 11.198 1019 3.9082 0.021362 13.718 0.018807 338.86 22.33
5.3022 0.00059769 -40.033 63.735 1.057 82.448 -43.666 19.86 18.326 1015 3.7352 0.018745 14.727 0.016072 319.06 24.068
3.4113 0.00030557 -39.572 61.893 1.2564 74.502 -33.79 19.364 21.421 1023.5 1.522 0.008255 16.456 0.012075 399.22 25.067
2.8977 0.00064705 -39.025 54.702 1.3357 59.222 -33.316 27.102 14.983 1015.2 1.5719 0.0095737 14.862 0.012835 355.45 23.575
3.602 9.2272e-05 -38.039 54.734 1.5198 56.568 -30.636 29.875 13.353 1042.8 2.5788 0.017376 14.613 0.020544 343 23.447
2.6732 0.00032392 -39.21 65.679 1.1189 89.472 -39.165 20.764 18.281 1040 2.3879 0.013375 15.927 0.015796 352.93 24.58
3.7524 0.00032858 -40.212 56.624 1.093 64.519 -34.938 24.243 16.167 1032.7 2.428 0.011401 17.196 0.016382 369.53 23.565
3.1368 0.00034666 -36.958 55.433 1.0272 70.326 -38.639 29.813 11.166 1032.7 3.408 0.01745 15.487 0.014368 304.99 23.072
1.8938 0.00015462 -37.537 60.502 1.3422 73.788 -31.286 24.405 16.778 1044.9 2.4477 0.012171 17.984 0.01444 326.54 24.817
2.9554 0.0011378 -38.784 61.085 1.2984 75.922 -38.938 31.038 11.437 1043.6 3.1586 0.017481 15.222 0.018188 312.77 22.426
3.1008 0.00041458 -38.616 62.241 1.4447 67.856 -34.283 27.509 12.016 1038.2 2.151 0.0081688 19.282 0.013654 363.01 23.837
4.3409 0.00022709 -39.24 67.323 1.8077 76.89 -26.885 19.633 15.498 1039.2 2.0782 0.010167 18.579 0.013874 429.51 25.197
6.0934 0.00020566 -40.642 68.875 1.2657 89.189 -36.018 21.657 16.147 1017.6 2.3754 0.014914 15.168 0.018285 456.65 23.887
7.2097 0.00018795 -42.314 58.708 1.2532 59.773 -38.457 24.137 10.2 1019.2 1.5206 0.0069033 19.211 0.01119 545.68 22.69
5.2859 0.00017857 -40.169 59.379 1.3559 78.005 -30.078 24.098 14.194 1026.7 1.8447 0.0088452 18.41 0.012852 430.52 24.041
5.4635 0.00024738 -39.134 59.873 1.2923 66.073 -35.47 26.848 11.321 1025 3.4397 0.014801 17.382 0.011507 367.66 23.063
7.2876 0.00018364 -38.031 56.638 1.2386 65.995 -28.494 27.143 14.033 1017.1 4.7018 0.019326 13.999 0.013171 355.57 22.345
2.2703 0.00040819 -38.451 55.939 1.0452 63.708 -38.891 19.152 60.075 1027.6 3.1257 0.014888 16.832 0.013092 324.76 24.889
2.8212 0.00026533 -39.877 66.776 1.1681 84.978 -39.199 22.514 17.361 1019.1 2.2848 0.010753 17.469 0.012987 331.96 24.056
2.5353 0.00034398 -39.297 63.145 1.7207 70.868 -26.088 19.502 11.719 1022.1 1.6806 0.010547 15.72 0.01489 389.47 24.741
5.6796 0.00037221 -39.612 68.613 1.4246 86.241 -30.095 18.412 22.524 1026.8 2.3941 0.0081575 20.263 0.011975 448.17 25.511
1.5242 0.0027005 -38.843 57.588 1.0624 67.678 -45.859 28.049 10.281 1040.5 1.7143 0.0085305 18.769 0.013097 328.33 23.921
3.9769 0.00040923 -43.148 64.364 1.3075 75.825 -39.684 24.492 11.389 1015.7 1.4073 0.0055755 20.79 0.0098022 393.44 22.729
3.0057 0.00019772 -40.228 62.403 1.4147 69.69 -38.554 31.09 10.87 1033.8 2.3035 0.0091459 19.975 0.011266 327.65 22.418
1.5735 0.0018069 -40.933 64.118 1.5498 75.167 -32.987 26.71 11.225 1038.3 2.7683 0.012456 17.818 0.012624 297.81 22.875
4.9409 0.00021472 -37.58 51.948 1.3827 63.075 -31.597 30.938 11.238 1024.2 3.9597 0.022099 13.711 0.017631 329.82 22.022
5.9406 0.00019173 -40.763 52.794 1.8442 52.533 -26.907 22.323 10.225 1027.4 3.7747 0.013605 17.594 0.0095475 389.5 23.293
2.6685 0.00017718 -39.9 59.096 1.1337 67.983 -40.413 25.417 11.3 1027.6 1.6735 0.0087773 16.455 0.01236 340.33 23.482
5.3411 0.00015585 -37.804 55.427 1.8999 50.458 -27.057 23.801 10.725 1054.9 2.4542 0.011732 17.174 0.013229 433.8 24.872
3.6336 0.00036471 -38.292 63.706 1.5779 72.379 -29.424 33.118 11.422 1046.3 1.4264 0.0091728 14.654 0.012324 400.43 22.357
2.5881 0.00071314 -37.369 68.734 1.5475 88.639 -28.617 20.095 57.235 1016.1 2.0327 0.0093501 18.609 0.012748 364.24 25.493
5.0696 0.00065567 -36.803 70.031 1.7429 89.559 -27.192 19.26 60.244 1019.2 3.7402 0.013783 17.418 0.0097083 416.29 26.154
3.2054 0.00033371 -37.169 58.567 1.3783 78.464 -37.329 34.521 12.281 1048 3.4438 0.021239 13.66 0.021763 307.22 21.683
3.629 0.00032121 -39.263 54.8 1.0828 62.405 -35.119 23.509 13.258 1037.6 3.2834 0.0099754 20 0.0085377 333.41 23.948
3.754 0.00059931 -37.952 53.304 1.4781 52.729 -27.049 27.838 11.858 1021.2 3.0082 0.0086208 20.795 0.009395 341.02 23.53
2.8846 0.00030416 -38.08 54.613 1.4705 74.07 -31.442 30.688 12.989 1023.5 2.2808 0.01042 17.642 0.012492 323.49 23.104
2.8877 0.00025327 -38.336 60.579 1.0377 82.004 -38.07 28.5 12.343 1041.6 1.4294 0.0094463 14.583 0.012636 369.99 23.57
2.7216 0.000161 -37.566 60.386 1.5318 70.269 -27.269 27.064 14.381 1078.8 1.6449 0.0119 13.428 0.014868 375.14 23.826
4.6243 9.8588e-05 -38.323 52.279 1.1476 55.382 -35.661 23.948 11.748 1027.4 3.6125 0.0087826 20.6 0.0085839 318.85 24.145
5.2363 0.00015341 -39.044 60.981 1.7953 69.216 -31.56 32.833 11.57 1030.3 2.2052 0.0087866 20.786 0.011594 429.97 21.867
5.1886 0.00031522 -40.695 59.844 1.1619 73.019 -36.897 23.836 14.233 1021.4 4.1587 0.017933 15.489 0.011849 301.52 22.49
4.615 0.001204 -38.382 63.13 1.0135 79.24 -41.587 16.356 87.985 1023.6 3.4802 0.016077 16.236 0.012537 382 26.243
5.2868 2.134e-12 -38.079 62.223 2.0474 78.539 -29.067 34.723 10.698 1049.3 2.8403 0.012428 17.369 0.014414 411.59 20.833
6.5139 0.00017614 -39.021 54.389 1.0401 59.012 -35.384 24.556 12.785 1023.1 4.767 0.018367 14.33 0.012035 342.29 22.959
3.8771 0.00021801 -38.462 56.703 1.0272 64.486 -39.125 20.553 21.1 1024.6 3.3247 0.011493 18.507 0.010712 336.97 24.727
5.7364 0.00021581 -39.959 53.356 1.4188 60.179 -34.414 27.764 10.775 1026.9 2.1683 0.0082243 20.849 0.010907 415.6 22.838
2.6434 0.00020321 -39.07 60.087 1.8272 72.248 -28.636 21.927 12.281 1021.6 1.7876 0.0070769 20.956 0.010826 363.59 24.8
3.4895 0.00063019 -40.456 59.423 1.2811 65.601 -30.225 16.672 72.781 1050.7 1.4671 0.0045851 20.83 0.011546 437.45 25.69
5.9369 0.00028912 -40.745 62.852 1.2466 88.465 -36.244 24.319 11.652 1019.3 3.1889 0.010307 19.509 0.010319 358.99 23.078
5.8737 2.1603e-12 -41.081 55.451 1.2895 53.627 -31.813 22.14 16.05 1014.2 1.6056 0.007396 18.168 0.011119 461.88 23.902
4.3421 0.00038963 -39.886 71.36 1.7207 87.459 -27.979 19.609 13.439 1032.8 1.4712 0.0064154 21.078 0.01123 471.56 25.365
2.8945 0.00022638 -37.359 64.094 1.3376 85.82 -40.624 26.412 11.35 1065.2 2.8489 0.012276 18.42 0.012042 336.32 24.395
5.5411 0.00058232 -40.797 54.831 1.324 53.584 -35.337 26.454 12.281 1013.3 2.0291 0.010921 17.703 0.015032 409.48 22.555
4.9081 0.00023652 -40.429 57.241 1.5513 57.552 -33.841 32.286 10.112 1025.7 2.2931 0.012355 16.775 0.015184 384.68 20.812
7.1458 0.00012844 -40.032 52.938 1.157 61.124 -33.134 25.526 10.6 1023.2 3.5463 0.010844 18.947 0.0095851 387.98 22.665
3.7836 0.00024007 -40.129 61.268 1.3294 74.242 -36.161 24.408 13.2 1016.4 2.1584 0.014206 14.89 0.018433 353.72 23.426
1.6292 7.286e-05 -37.566 62.366 1.1897 76.239 -33.885 25.643 17.588 1030.9 2.1712 0.012232 16.902 0.016255 317.61 24.675
5.4857 0.00027217 -38.115 60.593 1.7046 76.265 -30.349 27.271 10.15 1021.1 2.5874 0.0087844 20.063 0.011641 422.63 24.058
3.5672 0.00044158 -39.619 67.832 1.0464 89.813 -44.498 23.721 11.261 1024.9 2.1834 0.017073 13.941 0.023533 367.96 23.841
3.8657 0.00026415 -38.236 67.915 1.8508 82.455 -29.824 30.128 12.274 1049.2 2.0634 0.012778 14.647 0.022082 390.83 22.763
2.6893 0.00036187 -37.191 55.671 1.1299 69.085 -38.65 31.372 12.314 1027.7 2.3406 0.0092204 20.177 0.011392 326.42 23.525
4.6513 0.00019625 -39.363 58.919 1.6844 74.865 -31.145 29.613 12.485 1026.8 2.3365 0.0087817 20.543 0.010698 384.44 22.748
2.5649 0.0001317 -38.857 62.81 1.6802 87.539 -31.293 28.715 12.938 1053.2 2.4485 0.013409 16.269 0.01577 328.65 23.226
4.6183 0.00035275 -39.11 59.403 1.3152 62.329 -38.475 28.741 10.328 1020.2 3.1891 0.017262 15.389 0.01548 347.94 22.331
3.147 0.00065733 -37.623 62.376 1.4401 73.028 -32.843 17.582 83.45 1049.1 3.9966 0.018665 14.901 0.0144 327.9 25.474
5.0704 0.00045751 -41.351 61.999 1.0961 83.371 -44.127 24.419 13.214 1014.2 2.3683 0.0095165 20.145 0.011805 364.97 22.963
6.7615 5.9763e-05 -39.951 54.865 1.9891 61.07 -26.739 25.848 13.287 1021.6 2.8757 0.011506 18.965 0.011189 446.06 22.987
4.2212 0.00073409 -38.562 53.533 1.8404 58.832 -30.165 34.323 10.676 1015.5 2.4991 0.010429 19.348 0.011989 334.24 21.457
5.638 0.00034474 -39.173 56.924 1.544 54.887 -31.54 32.432 11.975 1020.8 2.5352 0.011415 17.948 0.012509 383.36 20.966
2.4898 0.00083451 -37.241 68.6 1.2244 91.538 -34.773 20.37 54.138 1035.8 2.9852 0.014603 17.04 0.013821 339.52 25.261
4.9109 0.00035486 -41.138 63.706 1.5373 82.191 -28.261 18.807 18.773 1017.2 1.4773 0.0089972 15.475 0.012746 426.41 24.821
4.4686 0.00047203 -41.162 66.881 1.2559 89.908 -38.256 22.059 11.05 1013.6 1.7834 0.0086803 17.897 0.012448 387.62 23.895
4.5958 0.00033677 -38.778 59.631 1.7342 68.65 -31.836 32.119 10.589 1023.4 2.9032 0.010671 19.624 0.010255 352.66 21.813
3.9942 0.0003131 -38.297 53.26 1.414 67.817 -35.279 36.151 10.095 1031.8 2.4849 0.016311 14.363 0.019648 344.94 20.836
6.3957 0.0003331 -40.308 62.346 1.5998 89.231 -34.725 24.339 10.953 1034.4 2.8294 0.013324 17.781 0.013294 448.76 23.335
4.1224 0.0007458 -37.016 56.023 1.4253 58.934 -28.58 28.447 12.563 1021 3.1022 0.011598 18.259 0.011869 349.33 23.596
2.5003 0.0010877 -37.481 54.718 1.3068 65.696 -36.746 28.531 12.535 1028.3 2.6686 0.011186 17.925 0.014169 322.68 23.766
5.342 0.00010684 -37.249 55.765 1.1931 60.556 -35.249 21.132 17.461 1032.6 4.6662 0.012342 17.199 0.0086447 331.54 24.7
3.7566 0.00033825 -39 61.59 1.0002 74.631 -45.595 22.942 12.297 1024.5 3.2144 0.014029 17.523 0.011957 331.51 24.003
4.0059 0.00046089 -37.032 64.608 1.4654 77.582 -33.46 24.232 10.19 1015.7 3.5537 0.013736 17.544 0.010156 331.24 24.457
5.8023 0.00041669 -39.045 55.581 1.2556 60.677 -38.515 26.929 10.067 1020.6 3.584 0.011448 18.787 0.0085519 356.19 23.056
5.0335 0.00012756 -36.974 54.78 1.8806 53.115 -26.387 30.743 13.404 1038.1 3.4201 0.016758 15.776 0.013566 374.51 22.393
4.1115 0.00074834 -42.478 61.936 0.91918 74.953 -51.129 25.146 11.233 1015.9 1.6757 0.0075006 19.153 0.011336 389.37 22.377
6.0367 0.00035742 -39.331 58.9 1.4349 79.067 -35.036 29.791 10.625 1019 4.2024 0.0093913 19.437 0.0089981 305.84 21.411
1.9863 0.00062526 -39.157 65.945 1.2429 88.67 -40.824 24.693 12.535 1018.7 1.7709 0.0072341 20.54 0.011144 317.98 24.239
2.8505 0.00024404 -39.098 61.386 1.1232 78.344 -34.15 20.07 27.579 1019.5 2.8735 0.02026 13.615 0.022414 315.65 24.549
2.4829 0.0003882 -37.889 64.858 1.275 78.635 -34.763 22.661 22.433 1014.4 2.848 0.017945 14.271 0.022524 300.69 24.473
4.893 0.00044785 -38.81 63.646 1.0378 82.039 -42.314 26.513 10.46 1020.2 3.3256 0.011271 19.408 0.0094837 350.67 23.388
4.9615 2.1535e-12 -40.69 59.585 1.6552 73.61 -33.452 27.014 12.15 1020.1 3.9333 0.015514 16.544 0.010506 308.78 21.767
7.0975 0.00016271 -39.359 52.015 2.008 51.838 -27.987 33.919 10.233 1020.6 3.4178 0.015603 16.243 0.013964 400.21 20.36
4.9439 0.0002382 -40.666 68.266 1.7166 78.925 -28.312 23.512 14.219 1021.6 1.6337 0.010775 15.022 0.014945 451.04 23.673
3.6552 0.00020374 -39.084 57.047 1.4191 62.884 -35.293 28.382 10.197 1035.4 3.136 0.0089282 21.063 0.0080743 321.75 23.054
6.9832 0.0001376 -39.79 52.9 1.7214 54.529 -26.767 29.392 12.371 1023.3 3.0403 0.013459 17.908 0.012224 438.86 21.471
3.228 5.861e-05 -39.15 56.131 1.389 54.752 -33.678 26.109 12.113 1047.2 2.1334 0.0089443 19.933 0.011995 356.83 23.852
6.8283 0.00053708 -37.752 63.487 1.5276 71.291 -26.477 17.828 57.582 1021.6 4.2587 0.021547 13.811 0.015919 458.7 26.028
5.7366 0.00014115 -36.918 53.031 1.4552 53.097 -28.655 25.858 15.926 1022.3 4.3359 0.0091359 19.583 0.0088706 331.33 23.735
3.4625 0.00016641 -37.546 59.371 1.2118 67.352 -36.876 25.311 15.668 1037.5 3.0473 0.0081987 21.26 0.009147 334.2 24.249
4.2725 0.00035302 -39.263 56.367 1.6472 67.55 -29.119 17.624 49.467 1046.8 1.9965 0.0097658 16.728 0.0172 427.16 25.696
3.1933 0.0005928 -38.535 65.444 1.2325 87.629 -35.954 21.922 19.691 1030 3.02 0.02207 13.927 0.02282 329.2 24.323
4.3114 0.00026423 -38.49 62.001 1.171 80.466 -38.328 27.28 11.193 1040.4 2.4683 0.011933 17.131 0.013552 365.31 23.665
6.1077 0.00022531 -40.152 58.982 1.5331 75.453 -29.135 26.527 11.347 1018.6 3.0384 0.020645 13.586 0.02469 394.64 21.936
5.3133 0.00049987 -41.465 67.296 1.3031 87.35 -41.911 26.069 12.056 1016.4 2.0331 0.011897 15.917 0.015785 406.27 22.271
5.6278 0.00094543 -39.828 55.093 1.2893 59.883 -35.928 32.076 10.284 1017.9 2.1018 0.0070883 21.219 0.0093184 339.99 21.915
4.349 0.0015454 -37.208 60.968 1.2725 71.256 -34.863 30.066 12.15 1023.1 3.6846 0.0088929 20.6 0.0076382 324.85 23.115
1.8611 0.00063265 -38.338 59.82 1.357 74.19 -29.639 19.248 61.711 1024.7 2.7383 0.012693 17.547 0.01298 326.55 25.162
6.8916 0.00032435 -40.797 60.273 1.2473 85.338 -38.515 25.068 11.046 1022 3.5267 0.012405 17.994 0.010695 365.82 22.392
5.1795 0.00021571 -37.886 65.576 1.5863 76.759 -29.409 20.564 20.883 1034.2 4.57 0.0094939 18.613 0.0090725 338.22 24.676
3.8269 9.2817e-05 -37.19 67.626 1.78 86.556 -34.163 33.69 10.5 1042.3 3.3409 0.01015 19.357 0.009637 326.93 22.142
3.0448 0.00019273 -38.537 60.247 1.5309 65.496 -28.736 25.884 12.793 1030.3 1.4667 0.0063184 16.842 0.0092707 379 24.08
5.8716 0.00023876 -41.639 62.322 1.3441 73.502 -33.323 26.289 12.562 1017.3 2.5357 0.014621 16.314 0.017117 395.12 21.894
3.2065 0.0002582 -38.664 63.926 1.9292 81.102 -29.821 34.99 11.356 1045.5 1.8805 0.0071414 20.236 0.010221 360.28 21.883
3.7365 0.00040288 -39.408 58.141 1.3118 70.841 -30.503 29.367 12.108 1027 3.0546 0.011077 19.16 0.01 323.52 22.478
3.6858 0.00030192 -39.042 65.798 1.1951 81.915 -36.862 26.368 14.134 1025.6 1.4836 0.010767 14.788 0.015077 408.57 23.602
2.4116 0.00032258 -37.562 67.672 1.441 90.955 -36.382 27.711 12.142 1052.6 2.269 0.0080997 20.477 0.0098855 342.52 24.02
4.3529 0.00027598 -40.088 64.274 1.9854 76.126 -27.749 26.442 11.802 1043.6 1.4804 0.0085567 14.08 0.010765 441.94 23.17
2.4745 0.00037892 -38.749 63.39 1.5014 74.122 -29.56 24.582 11 1020 1.8555 0.012114 15.476 0.016826 358.19 24.05
4.1491 0.00072607 -39.675 58.682 0.98517 69.95 -42.47 26.472 10.267 1022.9 3.0786 0.013095 17.386 0.011433 343 22.977
5.5437 0.00013448 -38.617 52.298 1.8036 57.647 -28.697 28.197 10.111 1048.8 2.6063 0.016195 15.197 0.018574 437.95 22.956
3.261 0.0003602 -38.561 71.217 1.6883 88.987 -32.176 27.64 10.713 1020.5 1.9797 0.013973 14.582 0.019122 384.26 23.615
6.6502 0.00041028 -41.197 60.687 1.7118 77.831 -28.773 20.866 13.421 1022.9 2.1004 0.0091104 18.094 0.011547 490.09 24.178
5.1539 0.00038183 -39.467 71.661 1.9513 90.443 -27.602 26.052 13.729 1024 3.2118 0.0097457 19.961 0.009866 375.89 23.205
3.5712 0.00026857 -39.746 58.182 1.2435 72.943 -35.494 25.247 10.419 1048.6 1.9697 0.0078864 20.613 0.011354 368.6 23.782
4.109 0.00030506 -37.93 58.146 1.917 64.654 -28.145 28.818 12.65 1019.2 2.3445 0.015543 14.736 0.019342 384.74 23.251
3.0467 0.00036795 -41.683 64.49 1.1141 82.691 -39.911 20.264 13.9 1016.7 2.6329 0.008157 20.877 0.010733 325.4 23.799
4.6344 0.0008604 -37.404 59.53 1.2691 66.098 -31.157 17.664 82.82 1034.1 3.9962 0.009336 20.181 0.0087766 354.45 26.229
2.8658 0.00049436 -37.654 63.097 1.1669 80.605 -40.269 26.591 11.939 1044.2 3.8613 0.022202 14.108 0.017269 302.66 23.415
4.043 0.013106 -39.978 57.794 1.2646 73.184 -42.208 35.876 10.038 1020 2.692 0.011526 18.838 0.012325 321.4 20.333
2.6974 0.00016266 -38.369 67.335 1.3909 89.669 -39.167 30.749 11.415 1039.6 2.0737 0.0091706 17.84 0.015721 336.61 23.042
6.6615 0.00015369 -39.168 53.213 1.7192 47.419 -26.389 27.743 13.158 1022.9 2.5818 0.008645 21.205 0.0097081 471.15 22.823
5.2474 0.00015473 -40.01 55.599 1.6352 68.938 -28.614 19.338 12.981 1019.2 2.1935 0.0079934 19.927 0.01306 402.27 23.482
5.8774 0.00030902 -40.57 64.181 1.2124 83.391 -39.081 23.883 11.718 1019.6 2.705 0.013667 16.904 0.014315 399.23 23.397
5.3518 0.00010924 -40.408 56.676 1.8593 62.839 -30.787 31.36 10.244 1023.9 2.8758 0.0080761 21.382 0.0097618 365.81 21.022
6.876 0.00019979 -41.276 60.391 1.964 87.06 -27.621 29.071 11.129 1024.5 3.1827 0.0090291 20.266 0.0093441 410.64 20.833
6.4405 0.00035561 -37.475 61.427 1.06 74.425 -41.185 17.867 46.386 1021 4.262 0.01502 16.2 0.010419 380.68 25.972
5.8973 0.00027214 -39.784 63.991 1.3037 83.719 -33.349 18.185 30.195 1016.8 2.5832 0.017054 14.76 0.019985 436.19 25.157
6.322 0.00015932 -38.01 61.662 1.6532 67.556 -33.175 29.353 11.227 1027.7 4.173 0.0091185 19.495 0.0088395 355.19 22.213
5.1152 0.0015646 -38.919 56.762 1.3196 63.521 -37.766 30.74 10.696 1022.2 3.561 0.009816 19.625 0.0090046 323.74 21.87
4.8437 0.00030487 -39.549 65.131 1.0482 87.177 -44.596 27.655 10.315 1026.1 2.4763 0.014465 16.07 0.017027 388.93 22.814
3.2696 0.00032605 -40.761 57.965 1.5531 77.709 -30.411 19.818 17.466 1018 1.8424 0.011391 15.589 0.015743 354.24 24.273
5.7829 0.00045941 -40.722 52.554 1.6511 53.139 -33.489 33.711 10.028 1023.5 3.2105 0.01949 14.709 0.018042 352.49 19.49
3.932 0.00026333 -37.66 64.468 1.2306 87.926 -35.135 28.025 13.613 1046.8 3.0354 0.011069 19.091 0.0099761 343.09 23.499
3.1513 0.0011322 -40.376 59.326 1.0182 88.21 -35.598 18.416 19.984 1058.9 1.5806 0.0059892 19.02 0.0091161 389.33 25.046
5.2964 0.00021026 -42.371 60.434 1.1102 74.46 -45.073 23.812 11.094 1020.7 1.9167 0.0076722 18.619 0.014338 406.45 22.594
3.023 0.00024204 -40.088 55.232 1.8835 66.068 -27.511 28.538 12.093 1026.1 2.8485 0.012168 17.557 0.014003 311.51 22.523
3.0536 0.00038743 -39.604 68.406 1.5152 80.468 -31.264 20.325 22.416 1033.2 1.9915 0.010391 17.582 0.014322 379.63 24.681
6.0628 0.00019096 -39.933 53.715 1.2616 70.191 -28.721 21.965 18.395 1029.3 3.5617 0.0084047 21.343 0.0077276 395.28 23.968
6.2638 5.8158e-05 -41.135 63.482 -22174 64.239 -31.318 24.456 11.592 1022.1 1.6978 0.0082085 18.83 0.012535 524.41 23.26
1.7681 0.0002861 -37.803 64.886 1.7282 90.967 -32.069 27.514 13.578 1064.5 2.8564 0.018076 15.136 0.018892 310.04 23.709
5.0376 0.00043168 -39.484 62.923 1.3948 91.02 -34.984 27.558 12.838 1026.8 3.7011 0.020214 14.891 0.015543 327.58 22.493
4.4973 0.0003009 -43.356 57.417 1.2996 67.342 -39.342 24.286 10.485 1011.6 1.8222 0.0071998 19.503 0.010274 353.29 21.953
4.6456 0.00051213 -37.69 58.823 1.026 75.403 -37.01 19.933 33.059 1026.6 4.0798 0.021188 14.288 0.015425 334.52 25.107
5.5143 0.00034619 -36.983 57.249 1.1549 65.495 -35.604 18.43 48.631 1029.9 4.0328 0.00889 20.067 0.009021 354.32 26.105
5.1316 0.00031931 -42.506 62.36 1.5309 90.689 -27.537 27.14 11.538 1020.5 2.2967 0.0091512 19.931 0.011258 353.5 21.419
6.004 0.0012402 -40.975 65.338 1.1629 77.8 -44.979 28.53 10.522 1015.4 2.5271 0.012209 17.481 0.013552 352.28 21.398
1.774 0.00033469 -40.952 60.676 0.9947 82.543 -37.671 19.827 17.072 1041.2 1.4227 0.0053279 21.362 0.0094821 357.41 24.486
2.892 0.00029786 -39.769 59.661 1.0296 76.501 -34.96 18.047 58.003 1016.8 3.1937 0.014257 17.34 0.012254 321.47 24.759
6.9282 0.00016787 -37.986 60.213 1.6316 74.633 -27.294 28.107 13.254 1029.5 4.0336 0.012166 18.176 0.008674 366.78 22.504
4.4419 0.00012687 -38.612 56.408 1.5563 80.124 -31.535 32.081 12.145 1061.1 2.596 0.018279 14.384 0.021853 372.24 21.772
3.8165 0.0007293 -40.32 62.394 1.0241 79.554 -40.808 17.102 61.079 1014.3 3.5483 0.017128 15.37 0.015127 317.97 24.694
3.8121 0.00022109 -38.031 52.835 1.5315 65.112 -33.476 33.886 10.924 1045.2 3.3461 0.016218 16.449 0.013198 309.42 21.557
4.3934 0.0030818 -40.514 53.057 1.1656 58.997 -37.951 28.849 10.182 1022.9 2.1198 0.014141 14.651 0.018262 332.62 22.024
4.123 0.00014142 -38.209 54.923 2.02 65.209 -28.269 31.175 10.478 1053.3 1.989 0.0086027 18.782 0.011514 404.19 23.136
5.5053 0.00015244 -37.27 52.444 1.4218 63.383 -34.238 30.965 11.843 1021.8 4.6692 0.016922 14.795 0.011064 311.91 21.553
2.082 4.8188e-05 -37.705 54.34 1.6459 55.927 -30.697 29.457 10.775 1060.9 2.0289 0.013316 15.217 0.018172 328 23.608
2.1962 0.00039765 -38.974 56.348 1.45 71.105 -31.853 28.097 13.709 1034.7 1.8171 0.010346 17.296 0.01506 330.09 23.487
4.3832 6.7456e-05 -38.446 56.965 1.5711 58.674 -28.919 25.721 12.766 1020.8 4.04 0.016749 15.668 0.012279 312 23.237
2.643 0.00038799 -39.935 54.936 1.5797 59.77 -32.67 25.289 12.988 1021.3 2.5026 0.015134 14.93 0.021946 317.26 23.287
4.0808 0.00028404 -40.425 62.137 1.4 88.861 -38.389 28.59 10.773 1041.5 2.0519 0.0088848 19.149 0.01198 365.97 22.463
4.1185 0.00019982 -38.899 57.804 1.7265 54.18 -31.789 33.404 10.481 1029.3 1.7027 0.0076663 19.322 0.011694 405.74 21.935
1.4032 0.00060898 -37.112 68.542 1.6787 89.18 -28.9 22.74 32.743 1089.1 2.2848 0.018288 13.408 0.024138 332.04 24.358
7.2647 2.157e-12 -41.052 54.459 1.0372 56.958 -41.076 22.557 10.096 1020.7 2.7562 0.019926 13.963 0.022683 461.37 23.202
3.2695 9.464e-05 -37.246 54.688 2.0327 62.507 -26.253 28.853 11.009 1084 1.4021 0.007198 17.064 0.011196 407.56 23.983
6.3547 0.00014809 -38.749 60.405 2.0523 67.422 -25.926 32.144 12.291 1024.6 3.1708 0.015369 15.944 0.015718 426.32 20.925
4.6465 0.00069265 -37.304 60.939 1.0055 83.443 -35.041 19.061 56.428 1023.2 5.2502 0.011042 16.02 0.0088757 302.91 25.321
4.6327 0.00012484 -37.847 57.084 1.6757 56.336 -26.709 27.695 15.548 1017.8 2.3649 0.011851 16.359 0.01791 400.01 23.388
4.1711 0.00043176 -38 64.452 1.3008 77.456 -32.183 18.37 60.993 1027 2.3227 0.012604 15.728 0.019407 413.6 25.822
5.5019 0.0014104 -40.255 58.114 1.1147 64.495 -40.699 27.3 11.752 1014 3.1613 0.0092805 20.854 0.0085101 339.95 22.873
5.5217 0.00067773 -39.586 64.577 1.6154 85.66 -28.751 20.033 18.093 1018.8 2.291 0.007591 21.092 0.0092353 420.54 25.219
3.8609 0.00019863 -37.232 61.515 1.4121 71.442 -30.271 29.568 12.825 1045.1 2.8062 0.017164 15.117 0.018283 362.34 23.292
7.1609 0.00013762 -37.877 53.387 1.8899 52.375 -28.194 29.002 10.27 1022.2 4.2342 0.013237 17.428 0.0089406 367.61 22.66
5.1704 0.00010725 -38.071 62.457 1.3936 76.289 -26.649 24.283 15.069 1023.6 3.5565 0.01091 18.928 0.0096405 362.33 23.841
6.0047 0.0003628 -41.889 54.845 1.8939 66.476 -28.825 27.318 10.312 1022.5 3.3558 0.010154 20.207 0.0087846 359.68 21.185
2.014 0.00029697 -37.406 61.37 1.2253 75.238 -31.999 25.593 15.785 1042.9 3.3531 0.018859 14.832 0.018321 298.49 24.044
4.2901 0.00051225 -37.844 63.228 1.3065 77.437 -35.843 26.862 13.438 1041.7 3.2494 0.02113 14.433 0.01951 358.56 23.671
6.6845 2.1794e-12 -41.981 54.381 1.3178 57.063 -36.034 22.537 11.371 1017.9 2.2779 0.016732 13.739 0.021921 452.29 22.734
4.4484 0.00025895 -38.097 58.178 1.9598 53.731 -28.039 33.827 10.661 1025.7 3.0745 0.016618 15.934 0.015289 355.38 21.575
5.6984 0.00017599 -38.496 54.222 1.6863 62.731 -32.434 35.168 10.993 1022.8 2.8839 0.011249 19.15 0.010909 341.51 20.151
4.6756 0.0002576 -40.846 61.421 1.3682 68.195 -34.108 17.891 21.107 1015.9 1.5199 0.0069693 19.164 0.011248 446.05 25.211
5.783 0.00034371 -41.881 55.894 1.3839 71.401 -31.247 24.374 12.276 1033.2 1.4963 0.0081945 16.153 0.011841 455.77 22.736
3.0127 0.00026421 -37.877 63.96 1.3817 91.223 -34.938 19.518 48.19 1018.7 3.0857 0.0083063 21.335 0.007396 343.76 25.454
2.8802 0.00090346 -37.776 62.818 1.3077 76.759 -35.944 18.497 80.871 1057.9 3.1752 0.009942 20.399 0.0091318 337.57 25.771
2.2915 0.00080059 -38.464 58.427 1.0157 78.625 -39.678 31.079 11.15 1046.2 2.3292 0.0080474 21.149 0.0096444 308.07 23.129
3.6155 0.00027983 -38.301 58.374 1.6707 67.682 -30.648 29.428 12.922 1028.6 2.4755 0.01589 15.48 0.019171 356.77 23.431
2.8568 0.00020047 -37.022 70.029 1.656 89.036 -33.512 27.774 10.857 1043.8 1.5789 0.013471 13.517 0.018016 371.76 23.982
2.0716 0.00025219 -38.086 53.994 1.4343 55.809 -26.694 23.849 15.55 1072 1.7177 0.0078452 17.58 0.011139 375.86 24.411
4.0826 2.16e-12 -39.378 52.304 1.4896 60.947 -33.166 25.337 12.053 1043.5 3.3148 0.017762 14.953 0.017665 341.08 23.233
2.8162 0.0016325 -38.463 59.433 1.4031 72.107 -37.951 30.218 11.829 1037.3 3.5933 0.012526 18.212 0.0093057 296.8 22.696
2.9681 0.00014059 -38.419 53.357 1.1584 62.235 -32.309 23.099 12.59 1052.3 3.0729 0.012936 17.443 0.013404 334.59 24.24
3.4591 0.00015285 -39.475 52.535 1.3238 51.895 -28.773 18.279 44.329 1022.8 1.6029 0.0073592 18.146 0.011094 402.73 25.282
2.7747 0.00041824 -39.762 52.216 1.6532 63.002 -26.9 17.97 57.789 1031.2 4.1086 0.0077523 20.835 0.0083233 300.3 24.541
4.4159 0.00024055 -40.609 66.908 1.7151 84.452 -29.562 21.158 10.611 1019.6 1.8427 0.0093354 16.679 0.012614 434.96 24.504
6.3624 0.0003096 -42.457 56.648 1.1577 73.514 -28.442 20.104 14.384 1028.4 1.8026 0.010113 15.831 0.013683 476.71 23.549
5.5756 0.00026962 -38.295 67.5 1.5979 84.457 -33.268 21.214 10.952 1021.4 3.3375 0.014029 17.349 0.011166 386.86 25.018
3.8065 0.00046587 -38.721 60.28 1.4841 90.679 -33.751 21.895 10.6 1040.2 3.9974 0.0093424 19.765 0.0088108 309.57 24.285
4.3646 0.00028738 -38.594 62.541 1.3082 84.711 -37.878 24.703 12.936 1049.3 3.3036 0.017678 15.758 0.014962 355.84 23.723
5.458 0.00018103 -40.795 64.672 1.1773 82.652 -38.974 24.541 10.057 1020.1 2.2152 0.012219 16.185 0.015239 426.24 23.064
5.7227 0.00039902 -42.128 58.465 1.3863 75.247 -34.102 30.018 10.588 1020.3 1.8981 0.01227 14.509 0.01615 388.93 20.617
3.8319 0.00030651 -41.301 55.591 1.6462 70.351 -29.161 28.31 12.142 1023.7 3.0814 0.016312 16.088 0.014857 310.18 21.682
5.74 0.00033545 -39.758 61.786 1.1824 79.819 -31.81 17.296 29.875 1020.5 2.3925 0.0099403 18.887 0.011521 416.57 25.717
3.5737 0.00026073 -36.961 62.319 1.4724 80.795 -34.263 32.058 11.894 1038.4 3.4317 0.0088916 21.338 0.0083258 306.59 22.748
2.2323 0.00019329 -38.278 58.561 1.473 74.106 -31.698 27.279 12.414 1074.1 2.0303 0.0066535 20.966 0.011905 347.69 24.054
2.4522 0.00014679 -39.544 57.874 1.016 64.461 -38.431 17.71 88.713 1032.4 2.057 0.0076884 20.147 0.010273 370.49 25.432
4.5805 0.00048379 -41.495 59.58 1.4765 84.041 -27.946 24.618 11.474 1011 1.4081 0.0088226 14.557 0.011738 379.86 23.1
3.1975 0.00065416 -38.171 62.454 1.0674 78.772 -38.161 18.644 57.044 1034.2 3.7354 0.010149 19.898 0.0084081 319.25 25.329
5.782 2.1439e-12 -38.461 54.126 1.6159 57.579 -28.428 21.889 16.548 1021.7 4.6333 0.0092998 18.648 0.0086334 344.73 24.161
3.1716 0.00030047 -42.063 62.747 1.3107 82.166 -30.61 23.753 13.84 1020.4 1.6384 0.0077066 16.68 0.010813 371.35 23.276
6.6247 8.5525e-05 -38.527 65.744 1.6205 83.07 -27.694 24.033 11.45 1030.1 3.4294 0.0090704 20.507 0.0089823 429.14 24.243
4.2829 0.00053414 -38.227 61.185 1.2257 75.829 -30.938 18.846 48.007 1025.8 3.2584 0.012797 17.594 0.012042 370.63 25.502
5.8306 0.00015561 -38.14 63.098 1.8751 64.397 -27.993 30.249 12.591 1026.8 3.4333 0.014659 16.671 0.012956 400.76 22.035
4.4571 0.00020578 -40.264 65.938 1.0955 81.419 -42.582 19.532 15.248 1016.3 1.7332 0.0064766 18.912 0.013356 390.22 24.873
3.6904 0.00024955 -38.011 56.654 1.5983 58.367 -28.51 18.438 62.314 1043 2.4522 0.011188 17.446 0.015996 397.95 25.725
4.17 0.00015376 -40.216 63.62 1.8138 75.525 -33.953 33.354 10.919 1033.7 1.9968 0.0099793 17.897 0.013635 375.78 21.072
3.287 0.00022281 -38.967 58.601 1.394 61.507 -29.935 18.594 51.162 1032.9 1.8536 0.0063101 20.804 0.012548 416.66 25.582
5.4361 8.8557e-05 -37.2 65.504 1.7276 75.095 -28.714 28.509 13.78 1037.4 3.5849 0.014109 17.41 0.010486 388.44 23.18
5.7422 8.1207e-05 -39.27 54.453 1.4534 67.538 -29.625 29.735 10.832 1025.7 3.3495 0.018129 15.716 0.01521 363.3 21.903
4.0186 0.00012842 -40.219 59.623 1.7515 76.537 -33.326 31.93 10.898 1040.1 1.7542 0.0078126 19.831 0.011985 383.76 22.365
6.6503 0.00022186 -38.78 62.851 1.158 82.69 -39.703 25.895 10.83 1015.6 5.1923 0.0090093 17.357 0.009074 297.7 22.683
2.3957 0.0004344 -37.73 59.332 1.0744 80.375 -29.072 19.404 75.492 1033.6 3.0756 0.0092077 20.532 0.0082306 343.15 25.361
6.2561 0.00022471 -37.732 63.572 1.7687 82.734 -28.727 26.049 10.009 1021.4 4.5384 0.0087373 19.361 0.0092908 332.43 23.711
3.2186 0.00037798 -37.064 69.256 1.5284 89.314 -34.547 28.898 12.566 1067.1 2.3216 0.011325 17.519 0.013626 370.33 23.807
4.5622 0.00029741 -39.113 59.528 1.5409 69.35 -26.097 23.242 16.915 1024.5 2.298 0.01054 17.68 0.01269 384.15 24.327
4.138 0.00015692 -40.161 58.14 1.4374 65.747 -30.915 28.879 10.365 1032.3 2.1514 0.01764 13.549 0.024573 376.6 22.415
4.0917 0.0012122 -41.456 60.765 1.4167 85.771 -29.217 26.029 10.678 1009.9 2.1617 0.017797 13.56 0.024861 333.02 22.453
4.3158 0.0027441 -41.491 66.16 0.9367 88.267 -50.56 24.858 12.231 1012.9 2.2496 0.0092627 19.346 0.011605 368.87 22.84
4.7602 0.00042154 -37.355 63.944 1.7674 74.264 -32.339 31.708 11.813 1023 3.7349 0.010011 19.984 0.0083547 333.14 22.199
3.9659 0.00021389 -39.347 57.506 1.5413 66.542 -31.644 25.885 14.363 1018.3 2.0664 0.010489 16.926 0.013636 363.8 23.534
4.7349 0.00014973 -39.406 62.475 1.9683 79.939 -30.587 32.55 11.104 1047.7 1.8099 0.0079886 18.7 0.011433 435.89 21.691
4.8271 0.00059198 -37.912 56.084 1.1623 59.649 -29.519 17.996 69.129 1031.8 3.5494 0.012671 18.053 0.0093421 385.7 26.111
5.7056 0.00020047 -39.263 64.428 1.9171 90.662 -32.863 35.405 10.6 1039.3 2.2196 0.015831 13.723 0.020247 449.54 19.703
1.9914 0.00031814 -37.405 62.414 1.5097 71.89 -35.041 37.164 10 1081.3 1.7649 0.0068273 20.926 0.010433 336.41 23.152
5.4994 0.00024748 -40.739 61.64 1.2579 76.029 -37.458 20.631 13.154 1019.8 2.428 0.01577 15.12 0.019541 408.4 24.1
3.7255 0.00019088 -38.182 63.806 1.2565 74.587 -35.565 21.123 24.006 1023.6 2.6253 0.015729 15.485 0.017756 360.73 24.971
3.9257 0.00031036 -38.676 65.304 1.2181 79.95 -36.036 18.641 15.993 1027.9 2.6034 0.013074 16.55 0.017363 383.64 25.302
6.5206 0.000334 -40.41 61.933 1.152 70.126 -42.594 27.337 10.279 1018.2 3.4358 0.018912 15.032 0.015915 386.7 21.808
5.5194 0.00019242 -38.35 54.117 1.2759 70.765 -35.218 29.722 11.729 1030.6 3.9302 0.012265 17.929 0.0095292 329.05 21.925
2.879 0.00018541 -37.222 65.752 1.5668 86.6 -33.521 36.241 10.489 1074.9 1.677 0.0061322 20.311 0.0093818 361.33 22.345
6.2875 0.00046569 -40.55 63.985 1.5089 86.492 -35.696 19.513 11.169 1020.2 3.661 0.011711 18.78 0.0089328 377.42 24.367
4.0552 4.6516e-05 -38.209 58.286 1.8347 70.785 -29.983 32.933 10.402 1069.9 1.9344 0.0086682 19.583 0.012571 406.88 22.581
5.5478 0.00029356 -39.054 63.634 1.3865 80.641 -34.119 28.183 12.859 1023.7 2.8686 0.013943 16.742 0.013628 384.65 22.56
2.6142 0.00030582 -37.185 53.161 1.5984 61.174 -29.829 30.808 11.523 1072.4 1.7765 0.0081608 18.168 0.011694 370.12 23.507
4.0488 0.00071526 -38.295 66.894 1.3228 83.192 -33.62 17.878 77.048 1017.6 4.0873 0.013445 17.104 0.0098114 356.14 25.494
4.6038 0.00040719 -40.335 63.737 1.6439 68.612 -31.839 28.549 10.739 1016.4 1.954 0.008263 18.684 0.011019 405.53 22.556
3.6471 0.00019837 -37.254 66.155 1.7571 77.191 -27.59 22.079 11.828 1051.2 2.9554 0.010405 19.067 0.011587 366.71 25.035
3.3644 0.00065214 -36.962 58.541 1.5672 61.921 -26.107 19.071 97.544 1034.2 3.4364 0.015074 16.522 0.013292 414.95 25.968
3.8799 0.00095926 -37.218 58.852 1.2689 82.42 -40.03 33.157 10.153 1024.5 3.8336 0.0089679 20.284 0.008861 300.64 22.165
3.5003 0.00054625 -40.471 67.415 1.6178 79.305 -28.829 16.796 74.397 1031.2 2.9146 0.019086 14.167 0.020265 378.75 24.954
5.2787 0.00020096 -38.107 61.71 1.709 83.989 -31.059 29.598 11.79 1019.8 4.1969 0.021257 13.828 0.015995 329.61 22.233
6.91 0.00028568 -41.908 65.32 1.1213 87.374 -43.802 22.954 12.11 1019.8 3.1592 0.01573 16.577 0.01391 413.04 22.429
6.9426 0.00034116 -41.89 62.717 1.5454 84.518 -32.506 27.763 12.526 1020.2 2.5151 0.014528 15.232 0.020859 456.36 20.978
6.7704 0.0001605 -38.945 54.024 1.5904 56.322 -29.535 29.667 12.235 1025.8 3.4905 0.017204 15.926 0.013464 387.78 21.539
6.4495 8.3263e-05 -40.506 72.192 1.9115 82.797 -26.98 25.653 12.745 1022.4 2.4872 0.013936 16.359 0.01624 506.97 22.925
6.03 0.00035158 -40.001 59.967 1.3265 70.942 -34.979 20.194 10.82 1019.7 2.345 0.018182 13.778 0.02386 477.6 24.543
3.8149 0.00056087 -37.553 56.991 1.8118 56.616 -26.536 34.02 12.42 1043.5 2.9904 0.021979 13.723 0.023352 335.62 21.749
4.6897 0.00091148 -37.682 54.892 1.2179 59.572 -28.358 17.39 84.489 1048.2 3.9451 0.018272 14.843 0.014555 371.85 26.097
7.7853 6.3994e-05 -40.123 65.282 1.166 84.911 -38.487 23.271 12.404 1020.5 3.9222 0.017636 15.71 0.012231 419.8 23.217
6.1513 0.00057315 -41.417 60.484 1.2117 91.563 -36.464 19.178 13.769 1031.7 2.7103 0.0097611 20.127 0.010122 428.19 24.314
2.0786 7.3491e-05 -39.036 54.075 1.2373 60.239 -31.823 28.098 10.682 1042.2 1.5785 0.0053397 19.542 0.012253 340.29 23.796
3.1959 0.00034999 -39.583 67.651 1.7935 82.693 -29.457 23.622 11.478 1024.6 2.8889 0.010907 18.455 0.01228 337.06 23.889
6.0961 0.00018649 -39.767 67.924 1.483 84.455 -36.068 23.705 10.413 1019.5 3.3973 0.023382 13.571 0.021857 385.73 23.576
2.1249 0.00040148 -37.848 63.328 1.4713 79.733 -35.595 28.985 11.568 1041.5 2.2222 0.0091236 19.24 0.011396 324.91 23.758
2.269 0.0010144 -38.909 63.377 1.1136 77.616 -43.45 27.869 11.009 1023.8 1.6035 0.0096119 16.657 0.014564 349.28 23.772
3.0141 0.00039575 -39.556 61.569 1.056 84.531 -33.887 21.745 19.317 1033.1 1.9621 0.0071532 19.551 0.013225 347.93 24.547
5.9565 0.00018886 -39.776 58.506 1.8626 71.079 -32.192 33.973 10.337 1033.8 2.7214 0.011061 18.279 0.011089 408.48 20.012
2.9354 0.00018599 -38.107 64.638 1.3363 87.345 -38.5 32.761 11.161 1056.2 2.6059 0.0085843 21.369 0.0097244 317.92 23.06
4.2324 0.00028078 -38.423 64.78 1.6138 76.521 -26.125 20.986 31.388 1024.8 3.6846 0.021359 14.505 0.0169 383.98 24.495
3.8933 0.0009783 -39.164 60.16 1.3101 70.428 -33.368 28.913 12.161 1026.3 1.4195 0.0072018 17.328 0.01128 392.71 23.619
6.3691 0.00031216 -40.839 56.44 1.0294 78.052 -34.089 22.218 13.297 1036.3 2.3745 0.012354 17.293 0.015113 452.6 23.807
5.627 0.00045248 -38.957 55.964 1.7017 61.24 -32.035 34.373 10.234 1031.2 2.4745 0.0096975 19.722 0.010977 327 20.771
4.6935 0.00019562 -39.082 64.626 1.006 81.653 -43.924 21.701 13.19 1015 4.2389 0.019811 14.351 0.01408 306.04 23.798
5.4122 0.00046947 -38.432 61.796 1.1771 72.287 -36.062 16.727 67.2 1020.9 3.4211 0.014786 17.346 0.011519 420.56 26.214
6.2127 0.00036254 -42.745 62.35 1.0278 80.445 -46.185 20.557 13.442 1018.2 1.6532 0.007079 21.078 0.011608 476.49 23.52
4.308 0.0033408 -38.548 55.016 1.1764 56.245 -40.717 32.683 10.155 1022.5 3.0303 0.015517 16.09 0.014408 338.09 21.727
3.4772 0.00053251 -41.615 67.19 1.389 88.286 -40.262 22.877 10.318 1032.2 2.8302 0.014711 16.222 0.014769 340.46 23.035
5.256 0.00010902 -39.134 54.009 1.9522 65.963 -29.232 33.775 10.5 1057 2.566 0.017901 14.379 0.021366 422.54 20.591
4.6491 8.9311e-05 -39.362 52.308 1.2446 52.199 -32.068 20.425 16.491 1030.4 2.3136 0.01731 13.892 0.022441 390.75 24.753
5.581 0.00025474 -40.335 61.052 1.3544 75.292 -33.011 21.905 13.696 1027.4 3.5246 0.018197 14.907 0.016626 373.4 23.843
4.745 0.00082107 -38.17 56.414 1.3112 71.852 -35.811 28.128 13.463 1015.1 3.7114 0.012219 18.683 0.0092303 318.5 23.102
5.3966 0.00046945 -40.703 64.743 1.1305 81.89 -44.632 27.716 12.033 1019.4 2.4105 0.007796 20.726 0.011353 394.53 22.422
4.7305 0.00039629 -38.225 61.946 1.9652 87.15 -26.587 30.75 10.717 1039.3 2.1341 0.01118 15.944 0.018706 418.32 22.713
4.2869 0.00046592 -39.246 52.577 1.8432 53.45 -29.877 39.308 10.118 1038.5 2.356 0.01709 14.224 0.021914 346.03 19.164
3.764 0.00053603 -38.407 61.061 1.2242 71.225 -37.292 31.906 11.774 1029.4 1.7586 0.010123 16.739 0.014616 393.74 22.879
4.131 0.00027943 -38.083 57.583 1.4697 66.698 -33.21 19.362 33.81 1015.6 2.7624 0.01366 17.192 0.014121 392.94 25.476
4.96 0.00026413 -40.209 52.919 1.5566 58.035 -33.842 30.65 10.683 1027.8 3.3884 0.0087485 21.319 0.0080182 327.34 21.501
4.7062 0.00025345 -38.116 55.295 1.4177 82.997 -31.063 25.712 13.438 1035 4.6515 0.016976 14.778 0.011129 318.43 23.13
6.6562 0.00030987 -41.981 61.834 1.5332 80.815 -32.625 24.361 11.399 1025 1.7632 0.0093807 17.214 0.013489 484.82 22.691
3.3013 0.00045193 -37.553 57.832 1.1892 85.029 -36.942 29.232 12.891 1027.4 3.2462 0.022059 14.15 0.020725 315.59 23.126
6.3821 0.00032022 -41.795 57.317 1.1215 61.463 -39.883 24.698 11.802 1014.9 1.8355 0.011943 14.094 0.022098 434.95 22.259
4.2058 0.00037681 -38.989 58.982 1.4635 89.521 -25.923 24.651 15.943 1022.3 3.8963 0.022056 14.219 0.016798 314.87 23.305
4.2765 0.00035646 -37.701 52.293 1.6767 60.628 -28.442 27.961 13.43 1023.9 4.1199 0.012431 17.601 0.0093478 302.91 23.161
6.2379 0.00018192 -37.935 57.956 1.5715 67.346 -27.399 27.869 15.505 1022.2 4.1403 0.020379 14.641 0.014123 363.93 22.909
3.3903 4.3769e-05 -38.12 58.561 1.9853 66.696 -26.096 33.284 12.668 1064.4 1.4925 0.010409 15.034 0.014716 392.09 22.175
3.0867 0.0015527 -37.892 65.632 1.5416 88.07 -25.886 18.297 77.773 1063.9 2.5651 0.0096154 20.309 0.010956 373.21 26.047
3.3603 0.00042067 -39.069 55.158 1.4277 56.347 -31.634 29.86 11.047 1052.8 1.5899 0.0084838 17.171 0.012755 390.13 22.934
3.7009 0.0002117 -37.022 56.818 1.3817 68.074 -32.427 27.123 10.626 1032 3.6847 0.020255 14.835 0.015739 322.49 23.446
5.5787 0.00032029 -39.361 53.032 1.1586 58.219 -34.909 27.388 12.323 1028.3 2.7617 0.010913 18.704 0.010673 393.25 22.756
6.0451 0.0002514 -37.764 58.362 1.6252 59.285 -27.324 23.79 16.693 1021.3 3.21 0.0095841 20.104 0.009691 431.34 24.796
5.8544 0.000169 -40.37 58.91 1.4587 71.528 -36.804 28.644 11.202 1020.1 3.1438 0.020786 14.056 0.020402 376.17 21.37
4.5951 0.0003531 -38.253 68.504 1.5028 91.463 -28.619 22.156 16.757 1024.9 2 0.013323 13.943 0.023283 412.1 24.787
5.8494 0.00019373 -37.076 58.718 1.325 75.062 -32.844 29.126 12.253 1026.9 4.6481 0.011305 17.606 0.0085332 314.82 22.539
4.421 2.1678e-12 -38.079 67.464 1.6844 80.679 -30.418 26.951 11.78 1053.6 2.5491 0.0094517 19.184 0.01292 402.65 23.974
6.3603 0.00025877 -39.06 57.214 1.2704 59.393 -32.05 25.857 13.886 1017.6 3.3075 0.011464 18.476 0.010689 404.98 23.102
6.4019 0.00041182 -41.384 62.277 1.4738 70.359 -31.675 25.722 12.283 1016.6 1.7359 0.0096922 16.749 0.01387 443.81 22.916
4.3065 0.00010537 -39.61 55.742 1.3609 59.971 -28.098 25.911 14.502 1033.4 1.711 0.010905 15.845 0.015669 416.51 23.376
3.7531 0.00027965 -39.498 62.417 1.5423 85.724 -33.191 18.767 36.642 1016.5 3.2539 0.015686 16.238 0.013293 380.98 24.682
3.5339 0.00016089 -39.326 56.151 1.7325 70.855 -32.71 31.673 10.633 1072.4 1.7412 0.01048 15.045 0.013879 379.52 22.168
4.5533 0.00057868 -39.51 62.041 0.97406 86.553 -39.297 17.876 36.157 1035.6 3.6358 0.0092859 20.235 0.0089649 364.37 25.11
5.5178 0.00038792 -36.939 58.864 1.308 70.333 -30.542 23.197 10.728 1036.8 4.2082 0.015522 16.443 0.01005 372.42 24.583
4.4287 0.00088181 -39.771 62.578 -60225 75.012 -43.268 26.807 11.445 1025.4 3.8641 0.022187 14.097 0.017313 323.44 22.489
1.6151 0.0003339 -36.815 63.266 1.3458 74.604 -34.623 23.898 14.05 1071.5 2.8848 0.010715 19.48 0.010355 316.56 24.593
3.6561 8.7511e-05 -37.046 60.843 1.9901 75.834 -29.038 31.215 11.878 1047.7 2.5332 0.012794 17.173 0.014471 368.24 23.061
6.0846 0.0001753 -36.803 62.161 1.6261 77.453 -27.381 24.043 10.74 1036.9 3.8757 0.021007 14.499 0.015802 416.3 24.483
4.66 0.0011492 -37.861 59.72 1.02 87.757 -32.681 18.242 46.796 1024.3 3.5009 0.0094767 20.471 0.0078814 352.8 25.937
4.9684 0.00014734 -38.021 60.497 1.5206 63.783 -29.89 23.9 11.088 1041.9 2.9112 0.012424 17.646 0.01178 404.94 24.521
3.0322 0.00014052 -38.698 61.459 1.2147 72.711 -34.986 21.574 15.017 1023.2 1.6955 0.011073 14.217 0.014424 365.93 24.902
5.3583 0.00020637 -38.148 55.558 1.5602 70.995 -31.986 32.708 11.385 1027.6 3.9781 0.019639 14.535 0.01562 309.86 20.906
4.1151 0.00025273 -38.585 57.884 1.1687 76.227 -35.622 23.592 11.045 1037 3.4457 0.017346 15.627 0.014072 333.7 23.946
5.8499 0.00012176 -38.049 64.101 1.7207 82.346 -32.83 29.367 10.1 1021.7 3.2495 0.021909 13.405 0.024404 408.18 22.625
3.1049 0.00087099 -41.112 59.091 1.7506 56.239 -29.023 31.344 10.653 1020.3 1.7452 0.0091378 17.173 0.01306 354.82 21.657
1.506 0.00051076 -38.324 61.402 1.676 67.387 -28.944 29.27 12.088 1073.3 1.9808 0.0085581 20.094 0.012485 331.53 23.932
6.5918 0.00039916 -38.049 56.093 1.8171 55.511 -26.355 31.513 10.602 1023.9 3.5856 0.017163 15.561 0.014691 324.14 21.473
3.6183 0.0003295 -39.865 59.431 1.0241 74.439 -41.868 26.157 11.55 1034.6 2.7057 0.019658 13.813 0.022686 346.69 23.273
4.2516 0.00018748 -37.57 58.373 1.4968 62.815 -32.35 33.056 11.01 1036.3 2.9334 0.022132 13.461 0.024201 358.39 21.773
4.8488 0.00019638 -41.413 57.175 1.5302 65.985 -30.509 26.888 12.774 1030.9 1.6075 0.0087309 17.229 0.01319 433.88 22.501
3.8769 0.00041059 -38.317 54.517 1.6188 60.837 -30.198 35.85 10.837 1044.7 1.4933 0.0081721 16.121 0.011791 368.89 21.966
2.7976 0.00030682 -37.672 59.482 1.6736 65.844 -34.847 34.293 10.054 1028.5 1.5403 0.0071098 19.321 0.011542 365.63 22.823
5.0973 0.00040089 -40.224 55.717 2.046 65.494 -25.815 16.55 12.206 1016.8 4.5169 0.0063601 20.905 0.010191 347.12 24.728
4.2363 0.00038194 -39.56 58.652 1.0844 87.684 -28.56 29.136 13.698 1027.4 1.766 0.012784 14.314 0.017465 388.49 22.4
4.5347 0.00013091 -38.732 52.499 1.9253 60.382 -25.912 31.382 10.987 1029.6 4.5887 0.017388 15.106 0.010984 300.94 21.454
4.8545 0.00056888 -39.823 66.918 1.6089 89.064 -28.517 18.936 24.048 1051.7 2.2334 0.0075985 20.627 0.012303 426.13 25.294
5.22 0.00024109 -39.112 63.267 1.7868 73.082 -26.183 22.943 12.106 1027.1 3.2426 0.010057 19.864 0.0084108 400.82 24.489
4.4707 0.00050297 -41.843 63.16 1.1982 86.461 -31.242 17.222 29.036 1016.6 2.8229 0.012503 18.039 0.012599 347.28 24.455
5.3272 0.00013318 -37.249 60.143 1.7343 62.609 -28.291 25.6 12.093 1025.2 4.37 0.017765 14.66 0.012968 347.15 23.54
4.5016 0.00070314 -38.46 59.779 0.98222 78.818 -35.866 16.9 86.528 1035.9 4.5988 0.017181 15.195 0.010794 346.75 25.683
3.4375 0.00038906 -37.345 68.223 1.3945 88.714 -33.504 19.467 52.694 1068.1 2.4832 0.010077 19.53 0.01144 386.6 25.741
3.9568 0.00034226 -38.217 60.415 1.5492 65.266 -29.783 29.979 13.597 1028.3 2.3533 0.015062 14.989 0.0185 381.88 22.824
2.9388 0.00034006 -40.023 68.119 1.2435 87.991 -40.039 17.822 56.736 1034.9 2.915 0.015047 16.55 0.014664 350.31 24.71
5.5267 0.0002474 -39.181 57.43 1.4554 74.968 -31.075 26.221 11.939 1034.7 2.9659 0.01747 15.069 0.017293 397.9 23.119
5.0765 0.00022227 -37.19 62.351 1.3235 78.453 -31.2 29.227 14.04 1024.3 4.1943 0.010181 18.943 0.0089527 319.22 22.699
4.0209 0.00022871 -38.085 66.591 1.7746 84.049 -30.688 21.184 11.455 1016.4 3.8114 0.014587 17.162 0.010268 333.78 24.706
7.3795 0.0001572 -40.259 57.673 1.7398 52.533 -26.289 23.686 10.951 1027.4 2.4507 0.014587 15.746 0.017569 537.82 23.635
6.6061 0.00027995 -37.558 64.056 1.4771 74.35 -34.135 27.735 12.32 1016 4.2416 0.012608 17.701 0.0087568 348.15 22.844
4.1032 0.00033721 -40.829 63.553 1.5599 70.541 -29.094 16.567 54.493 1016 1.4276 0.0072295 15.63 0.0102 448.53 25.22
4.9216 0.00028345 -40.995 58.458 0.95987 77.395 -42.034 20.76 15.8 1045 1.7084 0.0092651 16.685 0.013148 436.66 24.144
5.7742 0.00016948 -37.633 68.383 1.5611 83.734 -32.108 26.702 11.411 1028.8 4.6884 0.01233 16.785 0.0088366 331.83 23.333
4.4476 0.00051226 -37.616 52.093 1.9154 63.493 -29.487 33.998 11.55 1033.8 3.7667 0.021678 13.976 0.017632 326.47 21.085
6.8027 2.1737e-12 -42.035 58.218 1.2967 65.616 -34.876 25.109 12.009 1019.1 1.519 0.0095646 15.716 0.013866 497.68 22.598
3.6583 0.00023821 -38.841 71.844 1.8584 88.705 -27.497 29.352 12.847 1060 1.4183 0.0053262 18.975 0.0086116 438.65 23.288
5.6106 0.00032938 -39.776 59.01 1.4909 62.407 -29.265 24.502 11.591 1030.7 1.4257 0.0089727 14.732 0.012091 499.72 23.85
5.9524 2.179e-12 -39.377 55.133 1.2374 56.364 -32.288 24.164 14.4 1014.5 3.4254 0.016139 16.05 0.014473 365.55 23.385
2.3824 0.00051524 -40.2 59.243 1.5005 82.15 -26.111 27.281 13.7 1025.5 2.2707 0.0094503 19.507 0.011691 302.77 23.301
6.4564 0.000259 -39.629 71.756 1.7089 91.128 -29.24 21.856 11.9 1027.7 2.3714 0.015984 14.725 0.020018 531.97 24.627
3.6264 0.00029027 -39.705 53.378 1.4362 72.163 -29.172 24.169 12.064 1055.1 2.826 0.017332 15.14 0.018401 361.97 23.6
4.4084 0.00036378 -38.408 72.516 2.069 89.705 -26.202 25.077 14.632 1017.5 3.2499 0.021281 14.406 0.019617 371.93 23.596
4.4599 0.0012863 -40.786 59.041 1.1412 67.922 -43.782 27.307 10.25 1022.8 2.665 0.012176 17.341 0.012622 350.89 22.635
5.3118 0.00094596 -39.416 58.02 1.0867 84.153 -34.032 20.669 10.619 1046.6 2.2725 0.010048 19.104 0.012538 391.17 25.018
3.5133 0.00012627 -41.396 65.115 1.5696 72.519 -32.514 23.67 10.3 1024.3 1.4051 0.0088766 14.504 0.011725 405.5 23.447
4.8488 0.00040916 -40.771 58.627 1.4407 77.539 -32.028 19.775 14.796 1031.5 3.0336 0.01328 17.974 0.012039 371.72 24.194
4.0548 0.00025616 -37.676 60.914 1.3579 89.637 -37.974 32.26 11.488 1041.1 3.4282 0.012071 18.563 0.0095291 313.38 22.546
5.254 0.00018943 -41.531 64.94 0.96727 87.46 -44.404 21.688 13.75 1017.9 3.8396 0.010936 19.025 0.0083008 324.93 22.929
4.0929 0.00020127 -42.174 63.006 1.7513 70.268 -27.901 25.837 12.54 1025.1 1.5949 0.0088316 17.005 0.01333 406.76 22.478
3.8255 0.00024604 -37.231 59.278 1.5863 66.297 -30.386 34.342 11.482 1061.5 1.4779 0.010578 14.8 0.014739 406.45 22.134
3.6858 0.00098112 -37.929 63.155 1.2655 77.228 -37.618 30.6 10.661 1024.1 2.5728 0.0094946 20.458 0.010786 365.1 23.224
4.6124 0.00024188 -38.157 55.874 0.96011 67.444 -40.775 22.648 13.815 1018.1 4.0427 0.014692 16.484 0.0107 305.77 24.15
6.0259 9.9833e-05 -39.65 61.247 2.0607 54.402 -27.012 28.253 11.027 1023.6 1.7585 0.009098 15.781 0.017858 529.5 22.826
4.4112 0.00026678 -37.41 68.766 1.6274 85.324 -29.624 22.351 18.152 1029.9 3.8541 0.013005 18.06 0.0092248 350.98 24.705
3.3472 0.00031897 -39.503 64.001 1.2799 80.218 -34.685 23.014 12.706 1028.5 2.8865 0.016377 15.882 0.016486 347.2 23.975
4.0304 0.00017586 -40.353 62.339 1.8398 65.445 -26.1 27.919 11.75 1023.5 2.9332 0.0094705 20.631 0.0090047 348.83 22.529
3.1543 0.011024 -44.147 54.904 1.4542 69.018 -33.891 21.668 12.141 1019.6 3.3101 0.014492 17.024 0.011734 314.63 22.091
4.4835 0.00063939 -38.173 56.665 1.7777 63.781 -31.362 34.332 11.783 1023.5 3.0694 0.018036 15.388 0.01706 333.67 21.092
2.1036 0.00051294 -38.878 66.027 1.7605 87.38 -27.264 25.769 14.6 1039.9 2.9826 0.014091 17.244 0.013313 302.52 23.684
5.9044 0.00013581 -39.874 59.6 1.9003 80.854 -29.4 30.48 11.56 1030 2.2835 0.0099386 19.238 0.012415 447.12 21.628
3.3086 0.0002924 -41.99 57.513 1.5076 68.864 -34.855 25.286 11.2 1021.6 2.6085 0.0087928 20.194 0.011624 315.77 22.49
4.8307 0.00051451 -39.423 57.485 1.1308 63.101 -35.891 22.304 16.033 1030.8 3.6926 0.01928 15.194 0.014583 370.96 24.036
2.0931 0.00037938 -37.147 61.147 1.8764 79.103 -29.119 24.91 14.52 1054.5 3.5102 0.016589 16.206 0.012792 307.45 24.083
3.681 0.00028415 -39.251 62.048 1.9629 89.164 -27.897 30.738 10.528 1035.4 3.5359 0.019423 15.263 0.015457 318.57 21.946
4.3207 0.00024505 -39.939 53.186 1.3707 77.66 -30.736 25.164 11.417 1047.2 2.1177 0.0092955 18.12 0.011811 417.72 23.606
6.7975 0.00015223 -41.24 59.704 1.2709 68.437 -39.431 26.715 10.697 1017.5 1.6745 0.0086414 16.555 0.012153 475.11 22.343
6.8121 0.00046069 -40.369 57.84 1.4794 72.991 -30.766 19.018 15.915 1024.2 3.331 0.01602 16.474 0.013096 419.49 24.68
6.4393 0.00021529 -39.623 61.188 1.7362 81.228 -26.264 27.874 11.175 1021.3 3.1784 0.0097468 20.57 0.0089618 398.08 22.522
4.6513 0.0040936 -39.838 59.923 1.159 81.275 -44.723 31.95 10.063 1021.4 3.292 0.019045 14.448 0.019573 304.57 20.842
3.1073 0.0001004 -36.812 54.159 1.4219 62.879 -29.147 21.223 36.444 1058.5 3.639 0.014841 17.343 0.010759 333.72 24.943
4.9833 0.00064596 -40.753 60.371 1.4653 65.722 -33.393 26.267 10.494 1021.5 3.5516 0.012502 18.126 0.0092492 334.47 22.336
6.1092 0.00032862 -42.269 62.033 1.5283 88.065 -33.477 29.892 10.007 1015.3 3.6644 0.011144 19.091 0.0086527 307.38 19.685
4.7075 0.0006198 -37.741 55.406 1.134 73.371 -35.132 24.547 12.596 1019.7 4.4084 0.017008 15.092 0.011867 301.28 24.01
4.0023 0.00020749 -40.643 52.48 1.6008 61.363 -29.479 21.295 14.3 1030.1 3.4028 0.014432 17.359 0.011385 345.49 23.846
4.555 0.00013427 -40.212 52.538 1.2284 54.43 -32.407 22.449 13.95 1027.6 3.2183 0.014973 16.423 0.014618 342.13 23.516
5.2341 0.00010684 -39.209 52.752 2.0567 52.1 -29.937 37.612 10.396 1031.5 1.55 0.0079755 15.262 0.010689 447.89 19.572
3.0281 0.00037404 -39.905 55.247 1.8999 71.491 -26.993 29.277 12.64 1014.6 2.6362 0.013804 16.37 0.014938 298.61 22.486
3.2476 0.00046993 -40.723 59.521 1.4484 88.04 -32.718 30.793 12.55 1040.4 2.0699 0.013329 15.637 0.018022 352.56 21.799
6.6214 0.00018866 -38.619 56.69 0.95411 64.308 -43.644 24.264 12.918 1018.1 5.218 0.011264 16.225 0.0087539 308.31 22.89
4.7507 5.1834e-05 -39.259 60.405 1.6759 80.598 -29.05 27.389 14.352 1058.5 2.3627 0.01737 14.171 0.022335 420.44 22.979
4.3133 0.0012958 -38.15 58.478 1.1677 82.236 -35.623 17.319 68.129 1047.2 3.5845 0.020953 14.277 0.017524 349.03 25.827
7.8696 0.00053753 -40.598 56.273 1.2561 84.62 -28.778 24.545 12.067 1023.1 3.9702 0.020425 14.244 0.016683 375.3 22.431
6.1291 0.00010754 -38.744 67.634 1.6101 84.571 -30.317 27.464 10.716 1018.3 3.4578 0.010955 19.295 0.0087709 390.79 22.984
3.9649 0.00035334 -43.921 61.571 1.6337 65.513 -31.183 24.411 12.625 1010.5 2.0528 0.0085527 19.373 0.011556 344.05 21.663
6.522 0.00021914 -39.859 56.478 1.9996 72.808 -28.739 31.928 10.214 1023.6 3.4608 0.011127 19.152 0.0089471 374.56 20.504
4.6007 0.00011447 -37.75 54.166 1.9407 64.289 -26.556 34.003 11.202 1044 3.2617 0.020669 14.618 0.018793 346.98 21.476
6.8614 0.00051816 -40.951 57.285 1.1942 76.079 -36.447 23.769 13.153 1016.8 3.3452 0.010829 18.977 0.010149 368.79 22.765
5.0787 0.00023572 -37.083 62.718 1.3005 82.849 -31.482 22.082 10.842 1032.7 4.5319 0.012788 16.916 0.0085098 343.02 24.584
4.2997 0.00013049 -37.05 55.165 1.6104 74.764 -27.89 32.039 11.139 1042.1 3.6515 0.011068 19.121 0.0085436 322.22 22.451
3.9231 0.00047361 -40.251 64.213 1.5651 75.577 -26.294 17.357 65.118 1017.6 3.641 0.016311 16.029 0.012119 369.28 24.76
3.8436 0.00024443 -37.993 58.316 1.8247 55.266 -27.904 33.029 11.308 1045.4 2.1571 0.011493 17.224 0.014993 381.65 22.227
5.3943 0.00015804 -40.481 51.97 1.6362 58.899 -26.115 29.021 13.276 1012.8 2.2296 0.015016 14.087 0.024501 365.01 21.631
4.9888 2.1923e-12 -39.663 58.082 1.973 71.433 -31.031 32.259 10.95 1021.2 2.1701 0.0108 17.71 0.013933 405.6 21.525
6.7643 0.00018692 -38.752 63.346 2.0005 73.082 -26.318 26.706 12.697 1027.4 4.0007 0.01672 16.18 0.011189 404.69 22.665
5.9971 0.00016322 -37.207 56.513 1.2552 65.771 -31.258 26.269 13.928 1025.1 4.0889 0.012196 18.272 0.0087922 354.51 23.592
5.5385 0.000276 -37.108 67.41 1.3382 91.227 -34.797 25.94 11.367 1033.4 4.1432 0.010608 18.605 0.0088262 352.8 24.017
6.0552 0.00010032 -39.605 60.236 1.9572 90.682 -29.316 27.862 10.242 1033.2 4.4038 0.016954 15.105 0.011849 361.27 21.895
4.3578 0.0002153 -37.189 59.343 1.5603 67.165 -30.03 30.936 10.795 1026.3 3.5284 0.018666 15.497 0.014738 338.05 22.506
4.0909 0.00022451 -38.544 61.696 1.4331 69.044 -34.098 26.74 10.94 1019.3 3.8603 0.014994 16.542 0.011375 313.09 23.193
6.2609 0.00019684 -37.994 58.016 1.9959 65.339 -27.117 26.745 12.875 1015.7 4.3353 0.020335 13.672 0.016361 355.02 22.934
7.4025 0.00038475 -41.068 66.305 1.0861 90.534 -41.456 22.727 14.38 1017.8 3.2703 0.011608 19.045 0.00966 413.41 23.105
2.3123 0.00011236 -36.85 62.39 1.6988 66.916 -26.487 21.002 11.225 1081.3 2.1349 0.0086378 20.182 0.011547 378.29 25.424
5.4447 0.00030151 -37.999 60.278 1.2467 78.551 -28.432 19.123 26.219 1045.4 3.4007 0.011468 18.856 0.0089806 390.58 25.67
4.8667 0.00035964 -40.285 56.169 1.8228 74.244 -27.681 25.253 14.438 1030.5 2.8671 0.0085549 20.95 0.0080415 390.12 23.237
5.0058 0.00019905 -37.229 57.346 1.6369 60.228 -28.191 29.702 13.386 1019.3 4.4648 0.020536 13.844 0.014666 324.74 22.311
6.1433 0.00025464 -42.741 54.487 1.0692 67.772 -40.222 20.229 12.09 1028 1.6725 0.0077227 17.123 0.010855 495.85 23.384
4.4406 0.0007072 -37.84 61.477 1.3661 85.73 -36.691 18.558 45.943 1026.7 4.8319 0.0046864 21.025 0.014735 296.18 25.241
4.1839 0.00017452 -39.408 61.993 1.2224 83.121 -35.852 24.231 12.979 1034.6 2.5746 0.0086205 20.011 0.01159 374 23.973
4.1847 0.00032121 -43.442 61.437 1.1297 71.956 -41.829 17.941 16.955 1019.4 1.608 0.0081152 17.654 0.012235 427.02 23.431
4.485 0.00019077 -41.941 57.37 1.5003 75.175 -25.852 26.605 11.359 1015.2 2.6751 0.010698 19.294 0.01125 327.48 21.91
4.4145 0.00013349 -37.082 60.892 1.9171 67.835 -28.098 35.766 11.245 1052.6 2.3729 0.0084168 21.086 0.010271 397.44 21.7
2.0723 0.00052379 -38.124 67.027 1.4519 79.044 -35.614 25.731 12.475 1078.9 1.4001 0.0070752 17.129 0.011002 366.47 24.474
3.7743 0.00061352 -38.192 57.936 1.2784 68.664 -31.591 27.555 12.789 1034.3 2.1268 0.012383 16.524 0.016432 382.72 23.715
3.3833 0.0004856 -38.176 58.654 1.4809 64.119 -33.36 29.843 12.391 1058.6 2.2273 0.010578 18.265 0.013615 372.68 23.095
4.6292 0.00011181 -39.782 59.088 1.4381 86.451 -35.768 31.105 10.809 1048.8 2.6708 0.011171 18.969 0.011847 374.85 21.87
3.1576 0.00031421 -39.967 59.205 1.2334 85.523 -36.141 28.12 10.872 1048.3 1.5535 0.0060597 20.575 0.0099368 357.33 23.285
4.3263 0.00055562 -40.467 57.781 1.2854 73.874 -38.236 26.475 10.226 1013.2 2.122 0.015874 13.995 0.021257 361.49 22.708
5.9909 0.00019052 -40.103 60.865 1.8626 85.797 -30.854 31.821 10.502 1031.5 2.0058 0.010735 16.284 0.013932 400.79 21.815
5.7419 0.00014768 -37.285 58.477 1.5679 65.859 -26.042 29.792 12.543 1037.6 3.3424 0.013571 17.557 0.010781 399.77 23.137
4.738 0.00015509 -39.152 55.038 1.9774 68.908 -26.796 32.798 11.7 1028.2 1.8328 0.0063426 20.481 0.012696 419.04 22.492
2.4344 0.00062907 -41.589 58.452 1.0551 65.853 -40.475 20.643 16.192 1026.5 2.3294 0.0099379 18.307 0.011749 345.57 23.449
1.7783 0.00040976 -37.714 65.987 1.3463 84.225 -34.767 26.015 13.467 1049.8 2.1991 0.0082488 19.773 0.010092 325.99 24.505
3.8127 0.00017908 -39.443 55.258 1.3192 58.711 -27.42 22.232 17.913 1014.4 1.5516 0.0081116 15.205 0.01087 397.23 24.38
6.0185 0.00015283 -40.112 54.615 1.8312 58.02 -29.743 30.997 10.005 1027.5 3.5969 0.020556 14.42 0.016987 361.39 20.749
3.8076 0.00048999 -38.046 67.359 1.1604 90.399 -33.919 19.177 46.895 1025.9 3.6772 0.013058 18.197 0.0096416 332.01 25.46
4.199 0.0010817 -37.638 56.416 1.4511 70.476 -34.176 30.177 13.105 1017 4.1799 0.019142 14.519 0.014533 300.43 22.51
4.5189 0.00012483 -36.877 56.225 1.4493 68.039 -25.827 28.873 13.145 1019.3 3.3478 0.010437 19.979 0.0089645 348.65 23.511
2.0232 0.00014049 -36.901 62.708 1.3333 76.087 -30.965 20.68 62.865 1058.6 2.5672 0.01157 18.061 0.012624 375.2 25.334
7.364 8.6712e-05 -42.076 55.474 1.8868 60.391 -28.292 24.022 11.5 1016.2 1.4908 0.0069971 18.691 0.011248 576.68 22.913
4.1306 0.0012536 -40.304 63.476 1.8444 67.96 -32.207 35.356 10.84 1032.5 1.4135 0.0074475 17.075 0.011583 317.09 20.789
3.8726 0.00020268 -37.735 58.919 1.7268 70.235 -27.462 21.061 33.645 1027.2 4.2621 0.013817 17.26 0.0091468 350.31 24.587
2.5704 0.00033196 -41.117 61.855 1.4789 70.934 -27.092 17.754 56.362 1024.2 2.8909 0.01351 17.035 0.01306 339.56 24.078
5.2075 0.00027483 -39.112 57.508 1.1909 73.155 -38.318 20.12 16.06 1017.7 4.5453 0.014746 16.159 0.0093296 326.26 24.215
6.4803 0.00035425 -42.471 61.593 1.5979 90.415 -25.924 27.67 10.984 1024.2 1.957 0.014604 14.176 0.02006 448.43 20.887
3.1792 0.00027485 -37.277 59.312 1.9509 79.594 -28.139 37.848 10.95 1037.4 3.2193 0.015813 16.09 0.013532 307.97 21.06
3.6747 0.0001156 -39.111 60.482 1.538 71.226 -27.499 25.533 14.658 1036.4 2.4114 0.011534 17.996 0.0138 372.41 23.734
4.6609 0.00040592 -38.548 61.456 1.8912 71.964 -26.474 29.248 12.917 1031.8 2.9676 0.01134 18.672 0.010196 349.46 22.91
2.2595 0.00054595 -42.767 70.099 1.7696 83.012 -26.172 17.122 68.023 1021.1 3.0587 0.0083828 21.139 0.0093711 333.61 23.418
1.2516 0.0004876 -36.869 67.504 1.5395 86.905 -29.998 26.651 12.943 1086.9 1.6845 0.0071939 17.641 0.015004 339.95 24.583
6.8902 0.00023563 -41.251 56.709 1.9392 60.713 -29.695 33.136 10.15 1018 2.4665 0.011395 18.532 0.013356 437.92 19.507
5.5023 0.00016507 -37.012 59.745 1.6944 63.297 -27.262 25.34 10.757 1042.9 3.7114 0.0080555 21.265 0.0074934 380.39 24.635
3.7145 0.00031721 -40.212 58.677 1.2972 63.576 -37.267 28.212 10.514 1025.6 2.627 0.015483 15.571 0.017476 336.44 22.385
4.7269 0.00039174 -40.018 57.628 1.5087 64.482 -31.997 20.256 17.522 1018.2 4.426 0.015206 16.398 0.0095645 305.01 23.881
3.9735 0.000387 -41.472 61.543 1.7707 82.488 -31.113 26.867 12.093 1013.1 2.4903 0.014879 15.96 0.017642 337.07 22.147
2.4754 0.00021832 -38.285 64.533 1.7149 75.455 -27.925 20.991 18.158 1071.2 1.7217 0.0089551 17.035 0.012687 393.3 24.965
2.9994 0.00054606 -36.862 67.591 1.8916 89.008 -29.448 25.69 10.087 1040.5 2.7593 0.0091667 19.77 0.01118 351.59 24.836
4.9765 0.00055046 -39.587 53.721 1.4843 60.239 -30.405 28.806 13.688 1018.3 2.7647 0.01925 14.217 0.02159 351.6 22.085
4.5165 0.00033254 -40.574 56.933 1.0089 69.646 -38.152 19.705 18.689 1024.8 2.0231 0.0073483 20.187 0.0096776 398.23 24.713
2.5564 5.1704e-05 -39.468 62.369 1.3994 90.862 -35.918 27.23 13.331 1074.7 1.5488 0.0080315 15.219 0.010748 362.14 23.384
2.229 0.00038918 -43.938 68.375 1.4588 86.93 -31.008 16.902 38.545 1020.3 1.7254 0.0065081 20.746 0.0099283 356.13 23.268
5.7957 0.00014674 -37.737 57.351 1.6072 82.953 -28.042 32.619 12.46 1032.2 3.781 0.017063 16.144 0.012114 361.05 21.192
5.8647 0.00013373 -38.009 59.565 1.802 61.151 -29.982 30.292 11.159 1021.2 3.6294 0.012688 18.192 0.0094783 357.56 22.227
4.0526 0.00060286 -37.962 61.18 1.41 66.874 -35.348 30.205 11.095 1043.6 2.8744 0.013909 16.784 0.013572 360.06 22.761
4.2248 0.00082386 -40.76 61.411 1.1334 87.605 -26.985 17.237 36.852 1047.8 1.4554 0.005544 19.392 0.0089701 430.86 25.574
2.7766 0.00010464 -37.667 53.102 1.4984 51.882 -32.326 32.819 11.629 1053.6 1.726 0.01003 14.951 0.013321 347.35 22.624
3.4885 0.00012275 -40.718 56.476 1.4935 62.446 -35.03 24.382 10.168 1028.7 1.9904 0.01148 15.775 0.015046 366.17 23.302
6.5357 0.00022597 -41.766 53.496 1.6688 68.113 -27.997 25.035 12.142 1024.1 1.6494 0.0070442 17.311 0.014735 473.44 22.827
3.2098 7.6173e-05 -38.056 56.227 1.3516 60.472 -32.199 24.602 12.05 1069 2.044 0.0086996 19.222 0.011693 376.93 24.731
5.7239 0.00022914 -42.053 60.597 1.5317 81.168 -34.047 25.11 11.31 1024.7 3.1146 0.01307 17.526 0.011368 377.76 21.941
4.8334 0.00028533 -36.81 55.018 1.7814 72.006 -28.405 32.29 11.317 1044.1 3.7103 0.010464 19.674 0.0083934 342.72 22.218
6.7415 0.00018887 -40.045 55.397 1.8773 68.882 -26.178 23.256 12.694 1039 2.9327 0.01557 15.548 0.017987 462.69 23.744
5.0589 0.00044016 -40.033 62.124 1.0243 75.695 -45.153 20.817 12.922 1021.8 3.9925 0.0090267 20.325 0.0087228 343.06 23.907
4.451 0.00032369 -41.342 57.867 1.1617 61.885 -33.798 16.302 61.173 1028.4 2.427 0.01428 15.729 0.017214 418.91 24.843
2.6031 0.00024696 -42.072 55.963 1.2379 58.305 -35.331 17.264 62.823 1025 1.8573 0.0079847 17.726 0.0151 404.68 23.973
5.857 0.0002149 -39.368 61.456 0.97458 83.114 -45.179 20.543 10.76 1030 4.2287 0.0073318 20.823 0.0095757 352.07 24.367
7.0888 0.00040693 -37.219 66.53 1.9219 82.1 -28.024 19.897 27.817 1023.1 5.1494 0.01036 16.82 0.0085516 369 25.198
3.8749 0.00031871 -37.677 63.051 1.6267 79.017 -29.857 30.059 11.528 1041.5 2.3339 0.014351 16.091 0.01822 378.3 23.339
5.6653 0.00020517 -41.055 62.886 1.9096 65.635 -27.094 26.125 11.752 1023 2.0841 0.010239 17.231 0.013229 463.88 22.673
5.7172 0.00011489 -38.269 67.252 1.9272 79.258 -29.528 29.98 11.027 1038.3 2.912 0.018157 14.465 0.018955 435.89 22.93
3.9472 0.00024408 -37.043 59.871 1.3032 81.383 -27.849 20.19 37.263 1064.9 2.656 0.01264 17.045 0.013285 380.59 25.742
3.7519 0.00090968 -41.043 58.373 0.9287 71.697 -46.504 25.648 10.679 1015.4 1.6633 0.0075276 17.155 0.010551 368.23 23.007
5.8967 0.00015499 -38.734 65.193 1.4801 75.007 -31.657 18.234 12.064 1046.3 2.3623 0.0095346 20.081 0.011849 477.94 25.957
5.295 0.00014949 -37.697 53.25 1.554 74.952 -26.519 29.248 12.91 1041.2 3.4209 0.014995 16.505 0.013323 369.33 22.842
4.7759 0.00089856 -36.846 51.891 1.5235 48.618 -29.51 33.38 11.383 1028.6 3.2901 0.018549 15.404 0.016032 318.62 21.856
4.3937 0.00028153 -38.357 64.359 1.5822 79.297 -27.741 23.672 14.095 1047.3 2.5153 0.0099231 18.614 0.013781 423.44 24.588
2.5999 0.0011374 -38.173 65.774 1.4471 76.086 -33.483 18.463 93.65 1017.5 2.3823 0.0094675 19.148 0.010877 368.97 25.568
1.5688 0.00032396 -38.784 63.312 1.1326 84.334 -35.766 20.114 27.269 1062.7 2.4806 0.015393 14.714 0.022532 322.58 24.438
6.0998 0.00040104 -40.699 59.386 1.0548 70.546 -45.363 26.716 11.04 1020 2.7266 0.015001 15.468 0.019266 387.95 22.156
2.4838 0.00028467 -38.958 67.226 1.538 85.531 -31.464 19.316 34.092 1058.5 3.0568 0.011957 18.75 0.010712 332.78 24.783
3.8474 0.00014846 -37.685 54.964 1.5372 62.336 -31.303 27.998 14.426 1018.6 2.4415 0.016413 14.096 0.024769 362.87 23.7
3.2548 0.00010789 -37.559 60.968 1.7253 72.399 -29.019 33.166 12.091 1078.2 1.9376 0.011246 15.279 0.01481 371.91 22.504
5.8202 0.00015764 -37.795 60.038 1.9851 75.685 -27.416 29.697 12.284 1037.9 4.045 0.016343 15.832 0.011908 365.29 22.161
3.7055 0.00011657 -37.354 62.147 1.8115 80.268 -27.374 29.697 11.119 1024.6 3.2397 0.0133 18.035 0.011132 331.3 23.186
4.2434 0.00015199 -37.043 58.229 1.7477 71.676 -29.189 32.432 10.384 1035.8 3.6438 0.0086852 20.732 0.0087487 314.46 22.632
3.8926 0.00031314 -38.448 55.071 1.2565 60.272 -38.982 23.943 10.018 1018.7 3.339 0.013255 17.699 0.010499 317.09 24.024
4.2746 6.5783e-05 -36.821 64.059 1.9454 72.987 -26.331 29.125 12.886 1048 3.525 0.014017 17.357 0.010383 350.94 23.37
5.5827 0.00039291 -36.916 61.349 1.2689 79.451 -34.871 21.505 27.582 1027.7 5.7362 0.0079454 16.123 0.01026 299.58 24.35
5.5634 0.00019272 -42.627 60.56 1.6189 64.319 -30.403 23.579 12.525 1019.3 2.6333 0.011377 18.51 0.01237 398.12 22.183
5.0454 2.1502e-12 -39.134 60.372 1.9419 57.693 -25.958 21.206 12.2 1032.5 2.9126 0.019862 14.044 0.021052 423.64 24.48
6.0716 2.1347e-12 -41.116 55.927 1.6906 51.516 -27.947 22.845 11 1015.7 1.4622 0.010202 14.777 0.014003 488.41 23.653
5.1635 0.00054186 -39.977 64.819 1.3479 86.362 -27.273 18.804 26.073 1040.4 2.1012 0.013567 14.608 0.017625 423.14 24.964
2.4418 0.001403 -40.877 70.817 1.6787 88.766 -29.476 20.922 15.7 1037.9 1.6068 0.0061132 21.337 0.010081 422.62 24.29
6.8989 0.0001381 -41.714 59.847 1.0503 70.58 -39.946 21.896 14.606 1020.3 1.5199 0.0068943 19.236 0.011124 529.33 23.834
6.4454 0.00013337 -38.796 57.63 1.5979 61.82 -29.54 22.587 13.98 1035.8 4.1734 0.014544 16.805 0.0095348 397.18 23.893
4.1085 2.1644e-12 -39.862 67.444 1.388 81.253 -38.397 28.435 11.7 1039 1.6183 0.0095898 13.995 0.018646 401.6 22.665
5.0239 2.1502e-12 -38.664 56.682 1.3756 58.161 -32.49 25.73 10.13 1034.8 3.0331 0.012671 18.136 0.011671 376.67 23.933
3.0404 0.00071976 -39.887 65.359 1.418 86.077 -36.83 26.114 12.077 1020.5 1.5362 0.0056058 18.581 0.012917 367.26 23.688
5.2733 0.00058946 -37.395 52.133 1.2758 78.692 -26.979 17.838 54.952 1022.8 4.0971 0.011091 18.841 0.0085368 389.93 26.025
3.1606 0.00090235 -39.496 58.786 1.5292 63.415 -28.473 22.201 11.925 1042.9 1.5379 0.0061045 20.317 0.0099215 452.97 24.673
5.175 0.00011445 -38.528 60.357 1.2793 66.376 -36.098 22.194 13.642 1022.7 2.7581 0.0090129 19.884 0.010977 405.81 24.793
2.0217 0.00028818 -38.711 57.751 1.6806 59.5 -26.485 25.268 13.845 1024.3 2.7883 0.0098855 19.508 0.0094741 300.68 23.843
4.4278 0.00024332 -37.829 58.101 1.2625 67.711 -31.417 17.626 77.03 1026.1 3.2249 0.010449 19.506 0.0087361 451.54 26.108
2.2897 0.00023679 -37.918 66.812 1.1672 85.483 -43.301 30.247 11.364 1054.4 1.6247 0.0075196 18.311 0.011379 351.17 23.5
6.2085 0.0002118 -41.03 56.998 1.7027 78.904 -30.572 29.146 11.79 1027.6 2.1011 0.016608 13.596 0.022518 429.69 21.138
3.3266 0.00035588 -38.347 56.84 1.271 72.845 -29.895 31.096 12.553 1036.1 1.63 0.0074854 16.745 0.015664 375.34 23.447
2.0088 0.00043426 -41.568 60.015 1.1194 72.803 -36.342 17.54 33.435 1019.8 1.7573 0.0070931 20.553 0.010845 326.07 24.332
4.8685 0.00029007 -37.74 63.32 1.8576 67.96 -30.189 32.901 10.294 1022.7 4.6317 0.010748 17.923 0.0084597 296.2 21.669
5.0723 0.00061068 -39.192 52.35 1.858 64.753 -31.116 36.824 10.231 1030.6 1.9152 0.012225 15.926 0.017269 316.08 20.193
2.6982 0.00047294 -43.069 66.244 1.6608 88.897 -27.532 17.815 19.242 1023.2 1.859 0.013557 14.895 0.019224 375.25 23.385
2.8927 0.00019169 -38.036 52.803 1.4893 51.894 -28.063 23.908 11.907 1021.1 3.0128 0.015634 15.961 0.014671 316.14 24.248
5.3906 0.0002011 -37.671 52.73 1.5743 71.527 -26.492 29.08 12.924 1039.3 3.4019 0.015907 16.729 0.012689 366.83 22.989
3.2164 9.8299e-05 -36.949 65.244 1.5308 85.359 -27.661 21.222 44.034 1054.2 2.9441 0.014911 16.744 0.01433 400.79 25.285
4.4949 0.00047414 -36.917 52.26 1.3563 50.866 -29.919 28.594 10.761 1035.5 3.2432 0.012336 18.461 0.01038 364.67 23.795
6.0795 0.00016656 -40.937 58.07 1.3347 72.95 -35.197 27.208 12.84 1025.3 2.5839 0.013298 17.208 0.015017 410.61 21.841
4.6263 0.00020001 -43.19 61.657 1.5154 64.147 -33.416 23.269 12.62 1013.9 1.9301 0.0073509 20.734 0.01047 389.4 22.369
6.1591 0.00015357 -38.329 52.1 1.7475 46.507 -28.519 29.586 10.133 1026 3.922 0.016264 16.236 0.01108 370.22 22.408
4.9593 0.00032366 -38.802 64.437 1.7156 71.322 -28.824 26.063 11.48 1033.7 2.3011 0.016615 14.077 0.021191 450.25 23.59
5.1855 7.3201e-05 -38.097 65.529 1.7711 75.751 -29.196 29.85 12.177 1033.6 3.1848 0.02208 13.831 0.021702 395.38 22.253
2.9001 0.0001855 -37.468 59.61 1.7891 60.217 -27.179 27.048 12.457 1014.5 2.1801 0.0080733 21.076 0.010705 359.55 24.285
7.3782 0.0005254 -40.989 61.374 1.3853 84.661 -29.442 21.29 12.303 1027.3 3.8605 0.012074 18.55 0.0087706 413.18 23.543
4.163 0.00026299 -38.939 62.893 1.5856 80.001 -29.864 19.317 34.821 1024.8 4.6704 0.01069 17.976 0.0086308 321.76 24.421
4.0687 0.00036717 -37.238 66.188 1.4002 82.946 -32.347 20.466 35.698 1016.4 3.4434 0.008187 21.255 0.0084887 360 25.404
4.3705 0.001241 -39.322 63.267 1.5826 74.742 -28.519 27.957 14.334 1018.7 2.1181 0.0084811 20.21 0.011232 361 23.213
2.8681 0.0004474 -38.71 61.424 1.4147 74.453 -33.472 23.893 10.583 1058.2 3.0667 0.0094747 20.29 0.0084709 338.27 24.18
3.9692 0.00032091 -37.472 55.548 1.4443 72.439 -26.31 33.767 12.25 1037.1 2.5947 0.008419 20.446 0.011053 356.56 22.417
4.6899 0.00033111 -39.617 64.363 1.5309 77.996 -33.943 31.445 10.238 1027.4 1.7527 0.014392 13.636 0.019865 377.68 21.83
6.4599 2.1454e-12 -38.812 61.468 1.6064 79.113 -31.174 28.591 12.8 1026.8 3.5943 0.018687 15.035 0.014813 407.94 22.374
4.469 0.00021261 -39.514 61.195 1.2369 79.542 -37.157 26.601 10 1029.5 1.9759 0.0083423 20.281 0.012039 403.51 23.559
2.7155 0.0002212 -39.591 53.616 1.2471 54.313 -31.842 18.131 68.896 1027 4.4223 0.016784 15.185 0.011622 296.27 24.245
6.3423 0.00015801 -41.493 56.432 1.0137 62.994 -40.445 17.277 22.688 1034.3 2.2101 0.010975 17.904 0.014196 512.65 24.737
4.1112 0.001078 -40.456 63.597 1.0615 75.158 -45.729 27.649 11.498 1017.1 1.5719 0.0056882 21.332 0.0093591 409.85 23.052
4.6685 0.00036272 -39.595 53.345 1.7952 64.934 -29.982 33.297 10.35 1039.3 1.6553 0.0085362 16.379 0.011976 380.98 21.317
3.5842 0.00010282 -38.399 53.65 1.757 45.399 -27.608 29.353 10.258 1049.6 1.4335 0.008136 15.218 0.011274 396.95 23.213
4.6715 0.0001947 -38.291 54.729 1.9877 50.456 -27.297 34.897 11.081 1033.5 2.3559 0.0090719 19.116 0.010477 391.89 21.483
3.2712 0.0003942 -38.662 61.496 1.863 87.135 -30.17 31.238 12.288 1049 2.4876 0.0089032 20.268 0.01014 333.5 22.889
2.7685 0.0002361 -37.771 54.421 1.8764 61.461 -30.156 35.497 10.357 1065.5 1.578 0.0073059 17.847 0.010955 357.59 22.325
5.7333 0.00060857 -41.526 62.872 0.98232 75.491 -47.782 24.125 12.648 1013.9 1.9758 0.011974 15.415 0.015796 426.46 22.829
7.2384 0.0003056 -40.105 59.606 2.0651 76.517 -27.749 25.477 10.746 1024.9 3.8167 0.011294 18.793 0.0083751 412.06 22.637
4.954 0.0015659 -39.721 54.498 1.5816 68.797 -30.955 33.972 11.868 1020 2.2409 0.011072 18.199 0.014114 297.98 20.597
6.6915 0.00017227 -39 63.411 1.763 66.844 -27.502 27.741 10.674 1022.8 3.342 0.015592 16.678 0.012644 399.61 22.665
5.2271 0.0010075 -39.355 61.289 1.2285 71.491 -31.866 22.979 14.694 1030.1 1.684 0.0059782 20.576 0.0091732 494.74 24.879
1.8323 0.00039384 -38.968 62.09 1.6469 80.762 -34.089 22.945 10.95 1022.3 2.0162 0.015761 14.279 0.022066 327.78 24.432
6.4682 0.00015851 -40.623 58.403 1.5569 60.874 -29.458 26.555 11.338 1017.5 1.9634 0.0079654 19.008 0.010605 476.21 22.826
1.0254 0.00033626 -37.129 62.199 1.5179 76.208 -26.216 22.172 44.42 1048.5 1.9308 0.010021 15.84 0.018186 327.49 24.627
4.3838 0.00013493 -37.923 66.309 1.7475 77.791 -27.754 22.8 13.698 1046.1 3.5612 0.013284 17.746 0.0098675 376.36 24.575
5.7957 0.00014007 -40.614 57.052 1.4054 82.137 -31.815 27.343 12.634 1035.9 2.0683 0.0091813 19.189 0.012328 445.53 22.562
3.2696 0.00035747 -37.895 70.567 1.6951 89.308 -28.188 20.977 19.9 1062.6 2.4617 0.010429 17.949 0.014749 397.83 25.044
3.7289 0.00014441 -38.697 67.616 2.0444 87.49 -29.649 30.094 10.614 1045.5 3.0787 0.01404 16.922 0.012509 337.73 22.707
3.2191 0.00015693 -37.166 58.777 1.7375 60.638 -29.943 35.987 10.872 1064.6 2.2363 0.010447 18.42 0.013381 356.56 21.991
6.137 0.00039269 -40.727 59.135 1.1557 77.119 -31.684 20.108 13.177 1025.3 2.7624 0.01529 15.655 0.019059 426.87 24.246
4.1359 0.00033056 -40.058 53.104 1.5251 64.964 -26.257 31.36 10.883 1043.5 2.4238 0.011721 17.962 0.014068 354.52 21.683
7.4144 0.00031587 -40.59 58.37 1.724 62.908 -26.983 17.869 16.532 1016.6 2.9931 0.017572 15.142 0.017259 492.31 24.874
2.6823 0.00018965 -40.214 61.958 1.6952 79.575 -33.747 27.032 10.577 1032.4 1.9971 0.0074289 19.854 0.013395 332.62 23.284
7.3315 6.2867e-05 -42.102 54.552 1.8917 60.739 -27.598 24.668 11.599 1015.8 1.464 0.0058476 19.182 0.0094763 565.24 23.024
2.7735 0.00018886 -39.122 53.509 1.5287 50.544 -28.225 27.606 11.704 1027.3 2.6283 0.0077361 21.248 0.010116 318.88 23.789
5.614 0.00046934 -37.673 52.554 1.6322 49.623 -25.943 30.473 13.043 1026.9 2.9272 0.021361 13.644 0.023172 354.78 22.317
4.0767 0.00034292 -39.082 55.807 1.2084 62.715 -33.177 20.674 10.6 1019.5 1.44 0.0081224 13.738 0.016616 432.71 24.839
6.3647 0.00036122 -41.563 54.561 1.9383 62.595 -27.505 21.42 14.1 1025.6 2.7463 0.011493 18.258 0.011434 454.65 23.427
4.3859 0.00034563 -38.921 59.696 1.6675 71.644 -28.306 18.991 13.289 1024.3 1.5434 0.0080009 16.89 0.011838 462.79 25.56
3.3561 0.00025738 -38.465 70.199 1.7976 89.794 -29.667 30.721 10.85 1068.4 1.4206 0.0049546 19.451 0.0080876 420.64 23.373
3.548 0.00019933 -38.431 67.746 2.0305 89.739 -26.303 34.778 10.775 1050.1 1.9036 0.012693 15.624 0.017986 376.33 21.843
5.9016 0.0002588 -38.827 56.279 1.2651 68.962 -26.548 19.577 19.421 1019.5 2.8269 0.0093919 20.081 0.0089095 382.59 25.417
2.3371 0.00040936 -37.841 62.413 1.8965 91.437 -27.659 30.915 12.032 1071.8 1.6362 0.0071484 18.752 0.010871 348.79 23.438
3.7076 0.0004281 -41.506 62.215 1.2878 90.289 -37.118 17.934 21.253 1043 2.039 0.0065837 21.102 0.01182 400.15 24.773
5.2327 0.00091238 -39.271 55.078 1.646 50.249 -28.249 31.633 12.096 1017 2.0283 0.015194 14.576 0.021101 355.38 21.54
6.0709 0.0004048 -38.603 57.984 1.449 60.764 -29.079 25.465 14.955 1032.3 3.1755 0.014638 17.11 0.012679 407.96 23.619
2.9826 0.00035216 -37.751 64.253 1.6282 76.244 -32.557 29.55 10.063 1042.8 2.6234 0.016858 14.227 0.023304 327.31 23.189
3.0662 0.00019175 -42.006 64.158 1.3106 74.918 -36.432 17.46 44.18 1033.6 2.2006 0.01173 16.334 0.014461 416.47 24.104
3.2544 0.00021127 -38.739 66.917 1.2475 87.656 -37.539 26.258 11.788 1032.7 3.406 0.020845 14.341 0.018413 314.11 23.315
5.7616 0.00014588 -38.818 59.713 1.8814 78.834 -27.006 30.808 12.198 1034.1 2.7819 0.0094513 19.82 0.011285 382.57 22.043
4.1482 0.00065523 -38.131 55.673 1.469 68.877 -37.464 35.11 10.02 1026.1 3.2461 0.019378 14.855 0.017638 324.57 21.886
5.8279 0.00040439 -38.318 66.06 1.4244 89.436 -33.459 23.541 14.94 1025.1 3.9259 0.020959 14.601 0.01537 369.96 24.193
3.6374 0.00093046 -37.078 58.72 1.2013 68.834 -38.467 31.675 12.008 1023.2 2.7254 0.0090406 20.775 0.0092598 348.35 23.304
4.4239 0.00018437 -37.926 66.027 1.7576 77.231 -27.777 23.194 13.35 1045.9 3.5586 0.013203 17.783 0.0097933 376.37 24.367
3.7489 0.00034402 -37.019 59.139 1.7361 66.357 -34.348 40.456 10.029 1060.2 2.1888 0.010524 16.751 0.017164 357.93 20.413
3.2353 0.00021873 -41.361 61.744 1.5505 87.934 -32.061 20.558 10.797 1047.7 1.8758 0.0072813 20.054 0.010416 381.38 24.282
4.0626 0.00030812 -39.255 62.633 1.3378 81.565 -32.594 25.514 12.305 1058 2.0356 0.011715 16.028 0.015502 402.29 23.677
5.6386 0.0001688 -41.69 56.392 1.8111 58.782 -30.065 30.921 10.209 1021.1 2.194 0.0097715 18.53 0.012419 405.19 20.536
2.8635 0.00072178 -37.414 63.776 1.3066 90.377 -30.985 22.068 17.896 1064 2.7435 0.014458 16.712 0.015278 344.04 25.154
5.9061 0.00026935 -37.4 59.296 1.2311 74.619 -28.863 19.641 20.593 1041.1 2.7714 0.009584 19.652 0.011486 457.63 25.952
4.3704 0.00036772 -42.814 67.006 1.3295 91.503 -42.946 25.772 10.464 1016.4 2.3069 0.010246 19.186 0.012886 351.56 21.829
4.1361 0.00025648 -39.993 67.278 1.799 85.014 -32.136 31.877 10.348 1026.1 1.7745 0.0083817 16.373 0.016379 382.2 21.813
3.2699 0.0007802 -39.917 66.253 1.1951 85.773 -42.294 21.745 12.472 1013 2.304 0.0075805 21.224 0.0091902 333.11 24.618
6.1683 0.00035833 -40.038 63.545 1.5284 80.839 -31.587 27.202 13.319 1024.8 2.6904 0.012334 17.398 0.012752 339 22.454
6.6939 0.00018754 -42.537 58.4 1.1103 67.25 -38.725 20.686 13.676 1026.1 2.502 0.019336 13.575 0.024081 473.14 22.941
6.3478 0.00023795 -41.593 53.656 1.4962 63.986 -32.3 25.822 11.344 1020.6 2.2654 0.011019 17.176 0.0134 427.45 22.049
2.3798 0.00026783 -39.576 62.072 1.2956 69.84 -37.132 20.405 12.042 1030.1 3.2748 0.014155 16.986 0.011579 308.33 24.125
1.4786 0.00057206 -37.787 69.873 1.5237 88.374 -33.567 28.263 10.038 1080.7 1.5728 0.0093496 16.48 0.013887 339.29 24.026
4.9926 0.0002915 -41.493 72.25 1.809 88.857 -27.631 20.286 13.468 1030.5 2.2753 0.0078583 20.738 0.0095737 470.92 24.235
4.0306 0.00029709 -38.823 67.772 1.8628 80.615 -29.023 27.787 12.695 1058.2 2.2485 0.0090655 19.491 0.011313 404.82 23.448
4.0006 4.7149e-05 -40.883 58.2 1.2518 63.584 -36.03 21.817 12.64 1026.1 2.4565 0.015316 15.613 0.018323 395.04 23.629
3.8122 0.00029819 -36.877 67.202 1.6729 80.308 -26.088 20.484 46.775 1045.7 3.3662 0.019743 14.569 0.017365 367.87 25.276
5.1955 0.00035775 -40.441 63.906 1.3296 77.89 -35.061 19.414 11.862 1033.1 1.7315 0.0080984 17.695 0.011506 449.36 24.95
4.6478 0.00032786 -42.123 66.235 1.1755 82.721 -38.019 19.043 13.628 1018.7 1.9142 0.0083872 19.641 0.012037 406.37 24.066
4.7709 0.00034242 -40.096 70.255 1.3786 88.858 -32.896 17.411 44.265 1023.3 1.8743 0.012908 14.039 0.017065 439.47 25.325
5.7634 0.00012433 -40.018 60.564 1.8265 61.421 -26.56 28.756 11.604 1025.8 1.7973 0.010147 15.781 0.013638 490.68 22.727
2.3221 0.00036485 -40.797 61.269 1.4342 78.169 -39.042 26.795 11.079 1036.8 1.462 0.0070962 18.183 0.011288 349.04 23.166
5.9989 0.00049219 -39.977 58.776 1.44 74.053 -32.419 20.533 14.225 1028.3 3.8829 0.012125 18.522 0.0088812 352.22 24.16
3.3252 0.00045834 -42.477 65.523 1.5391 89.538 -33.464 19.252 13.671 1041 1.549 0.0069685 17.71 0.010395 412.45 23.785
4.0741 0.00022413 -39.618 58.005 2.0622 72.786 -26.153 36.847 10.988 1022.3 1.4786 0.006886 18.617 0.011011 335.6 20.777
4.2157 0.00030878 -38.987 53.943 1.3662 58.855 -30.125 19.209 37.76 1031.1 3.6884 0.021269 13.783 0.019864 363.52 24.621
5.071 0.00052218 -39.418 63.591 1.468 88.753 -34.882 29.131 12.086 1023.9 2.9957 0.0095514 19.977 0.01041 333.17 22.321
3.8204 0.00022157 -39.814 62.928 1.7972 68.61 -27.528 18.012 48.716 1034.5 3.1963 0.015363 16.885 0.013278 377.8 24.789
3.2522 8.6916e-05 -38.924 58.562 2.0317 66.874 -27.68 24.375 11.8 1042.6 3.373 0.015359 16.069 0.014253 331.03 23.949
1.7635 0.0006549 -37.734 62.891 2.0548 69.33 -26.096 23.419 13.044 1071.1 1.7739 0.0079194 18.355 0.011249 364.12 24.715
2.7997 0.00040237 -38.941 63.06 1.5562 89.199 -33.011 32.388 10.664 1077.2 1.6935 0.0089938 15.128 0.017644 349.11 22.652
3.7544 0.00038149 -38.079 55.763 2.0624 63.701 -26.454 40.633 10.769 1042.5 1.4159 0.0088196 14.669 0.01182 297.48 21.287
4.1437 0.00066447 -41.631 63.553 1.1068 86.125 -35.51 18.447 16.562 1036.4 1.7431 0.0088901 17.297 0.012712 399.22 24.422
6.2773 0.00017191 -40.849 57.288 1.6183 83.376 -28.67 19.201 17.061 1050.1 1.5045 0.0081014 16.321 0.011757 543.35 24.828
3.8204 0.00017717 -39.844 60.322 1.1866 75.963 -39.678 24.048 14.361 1022.3 2.6626 0.012799 16.99 0.013507 340.8 23.613
3.8172 0.00023319 -38.586 68.254 1.3624 89.158 -32.546 20.862 20.361 1050.3 2.4127 0.011877 16.826 0.017291 408 24.874
6.1985 0.00072878 -37.895 64.97 1.3091 84.717 -32.039 16.431 63.282 1027.6 2.8922 0.01146 19.071 0.011126 459.15 26.721
3.3502 0.00040501 -36.929 65.958 1.3675 81.69 -33.317 20.168 58.8 1015.2 4.2034 0.012848 17.614 0.0087323 300.67 25.435
2.6463 0.00047578 -38.96 60.808 1.1186 73.341 -34.318 18.575 67.046 1015.6 2.0597 0.0095506 17.455 0.016522 360.47 25.282
7.259 0.00019534 -38.061 62.381 1.3344 74.198 -32.01 22.07 12.153 1024 4.9046 0.0097665 17.587 0.0088889 358.44 24.284
3.4841 0.00041328 -36.835 60.124 1.3694 72.94 -26.625 20.473 50.822 1049.6 3.1492 0.018004 14.993 0.016612 361.04 25.293
2.4418 8.2404e-05 -37.651 59 1.3501 67.605 -30.662 30.182 10.3 1065.6 2.3626 0.0090465 20.442 0.011215 335.75 24.128
5.3242 0.00024408 -38.537 54.036 1.9714 57.997 -28.803 36.531 10.081 1023.6 3.082 0.0093955 20.416 0.0084233 336.09 20.532
6.3062 0.00047082 -40.607 59.307 1.6291 75.867 -28.782 19.046 20.191 1030.4 3.4271 0.015244 16.424 0.013523 419.75 24.395
7.3851 0.00032888 -38.706 56.322 1.3804 84.373 -30.585 20.367 15.249 1033.4 4.6773 0.0098954 18.358 0.008765 388.97 24.616
7.4392 0.00022771 -38.532 67.106 1.9752 71.165 -26.827 22.827 11.193 1035 3.9054 0.021183 14.49 0.015791 496.65 24.271
5.6204 0.00052225 -37.522 66.189 1.563 83.422 -30.146 16.728 72.654 1040.1 3.5777 0.010241 19.488 0.0091932 396.75 26.723
4.3704 0.0010596 -39.567 53.295 1.557 48.858 -27.21 26.828 10.377 1035.9 1.6762 0.012323 13.585 0.015819 415.83 23.254
3.5959 0.00015353 -38.542 57.73 1.5585 73.601 -33.179 38.374 10.522 1069.7 1.4053 0.006516 15.747 0.0092468 374.91 20.493
5.2221 0.00021664 -38.764 60.814 1.2415 78.59 -32.98 28.986 12.36 1024.5 3.4432 0.016423 16.011 0.012997 353.2 22.193
5.301 0.00021641 -41.146 59.843 1.2279 65.665 -35.281 20.158 18.73 1015.6 3.4317 0.016665 15.851 0.013392 344.15 23.522
6.9993 0.00019799 -37.942 66.297 1.4549 80.003 -27.084 24.257 19.5 1026.9 4.33 0.01792 15.229 0.011646 424.14 23.714
4.6971 0.00092961 -40.505 55.148 1.3175 64.603 -37.596 31.074 10.08 1022.3 1.4169 0.0064163 20.152 0.011179 367.02 21.942
3.9541 0.00036047 -37.877 58.329 1.726 78.598 -34.243 39.3 10.17 1036.1 3.0302 0.017283 15.381 0.016675 321.4 20.157
4.7642 0.00011853 -38.098 64.292 1.4938 89.507 -29.727 20.893 17.939 1053.5 3.1408 0.0153 16.704 0.013494 404.42 25.161
5.8697 0.00016397 -37.221 52.228 1.8496 56.669 -26.916 26.694 11.73 1016.2 3.6728 0.01439 16.901 0.011573 370.05 23.826
4.7245 0.00037773 -40.406 68.834 1.8948 83.484 -28.32 19.702 13.409 1015.9 2.7565 0.014742 16.637 0.015621 413.63 24.555
6.1421 0.00038558 -40.859 66.86 1.2518 86.558 -40.789 25.709 11.098 1020.5 3.7117 0.021066 14.658 0.016337 370.47 22.211
5.512 0.00028817 -39.588 65.759 1.2811 84.638 -31.325 22.333 18.178 1028.1 2.4667 0.015903 14.43 0.023616 429.5 24.125
3.7436 0.00065651 -37.785 65.745 1.5824 75.568 -30.761 26.268 10.692 1039.6 2.0535 0.006711 21.155 0.011971 415.01 24.582
4.0803 0.00026522 -40.362 60.739 1.4696 78.339 -36.321 26.865 12.712 1025.3 1.8589 0.006536 20.587 0.0093291 383.04 23.321
3.9822 0.0002245 -37.031 53.545 1.3869 59.69 -34.055 27.519 14.18 1021.8 4.0024 0.01791 15.184 0.013567 306.09 23.342
3.6514 9.2617e-05 -37.572 56.262 1.3121 62.042 -27.503 23.335 21.684 1052.5 2.4029 0.0083158 20.233 0.012153 389.4 24.955
4.4571 0.00018834 -39.661 55.804 1.8827 69.381 -28.434 29.126 11.4 1047.9 1.7452 0.0062607 21.277 0.009583 423.16 23.021
4.6202 0.00029783 -37.944 59.106 1.5172 91.019 -36.95 36.563 10.05 1042.6 3.2944 0.0095347 20.372 0.0081999 330 20.59
4.2507 0.00011143 -38.672 52.015 1.4787 52.375 -26.343 20.836 24.236 1015.9 2.3159 0.018638 13.466 0.024742 391.7 24.775
3.3906 0.00010849 -37.083 54.066 1.5473 58.141 -32.286 33.802 11.9 1050.6 2.8368 0.015847 15.774 0.016244 331.53 22.102
5.8427 5.6222e-05 -40.679 67.207 1.8895 77.332 -30.094 24.753 10.3 1029.1 1.6916 0.0088996 18.235 0.01364 533.39 23.695
2.0379 0.00037238 -37.315 66.113 1.8403 88.113 -26.962 28.468 12.095 1089.2 2.0536 0.013511 14.284 0.023528 339.5 23.953
6.0774 0.00034578 -38.407 63.787 1.9778 85.394 -27.172 27.402 11.195 1024.9 4.4634 0.018102 14.724 0.012036 348.93 22.482
6.84 0.00012285 -38.234 56.513 1.8061 60.878 -28.223 29.696 10.207 1019 4.4087 0.012634 17.373 0.0086356 349.76 22.193
