0.033122 30.963 -22.911 -5.4024 -2.9963 -9.715 1.4307 0.0010694 0.43428 -25.319 1.0937 0.00041755 -12.432 0.62761 0.0082862 0.19656
0.038558 56.747 -21.86 -5.8413 -7.3533 -8.2622 1.4147 0.0022034 0.62107 -23.391 1.1024 0.00043548 -8.8099 0.72274 -0.18713 -0.21381
0.026146 16.116 -23.663 -3.1969 -4.8191 -8.9197 1.499 0.0059327 0.14834 -22.767 0.8892 0.00057642 -8.272 0.51504 0.17402 0.46185
0.021509 10.803 -27.335 -7.3803 -0.66193 -9.8096 1.1892 0.0091368 0.51618 -20.851 1.2657 0.00048154 -7.4476 1.4042 -0.014809 0.063784
0.030225 10.303 -24.052 -8.9929 -0.78793 -9.9166 1.3017 0.0060698 0.98661 -20.649 1.4066 0.00041013 -8.3241 0.71068 -0.28185 -0.29797
0.01628 21.308 -24.86 5.0491 -2.9798 -9.5987 1.2862 0.0026817 0.29765 -22.345 0.80109 0.00039328 -5.7036 0.93903 -0.1145 0.018124
0.018951 12.613 -27.77 2.5649 -2.3593 -8.6277 1.4692 0.017299 0.66437 -20.905 1.0533 0.00062803 -8.2511 0.62304 -0.27046 -0.31283
0.032256 24.076 -24.499 -8.5104 -1.6448 -8.3481 1.3656 0.002054 0.64367 -26.693 1.4846 0.00045186 -9.2262 0.71012 -0.10708 -0.18052
0.040747 24.441 -24.531 -9.6196 -0.70876 -9.9896 1.1924 0.0044309 0.28117 -20.76 1.4568 0.00065534 -9.3542 0.55533 0.035958 0.15041
0.023211 12.506 -25.751 -0.13357 -4.4994 -9.3581 1.4644 0.017068 0.0041112 -21.603 1.0365 0.00063031 -5.5451 0.63832 -0.15531 -0.25427
0.029525 10.748 -23.135 -3.8169 -5.7504 -8.9808 1.0546 0.0099224 0.82947 -22.013 1.1891 0.00070525 -5.6605 0.77636 -0.047986 0.17631
0.03841 15.228 -24.279 -9.4472 -4.1809 -8.5586 0.95664 0.0036109 0.8578 -24.8 1.1693 0.0006285 -5.4788 0.80073 -0.16364 -0.46548
0.054511 13.938 -22.804 -9.4806 -8.7712 -9.3403 1.2657 0.013657 0.46372 -22.319 1.2083 0.00043941 -6.634 0.77536 -0.19767 -0.44205
0.037529 23.566 -24.491 -7.5666 -2.8098 -8.8118 1.0198 0.0073681 0.53837 -21.347 1.4894 0.00066354 -6.0814 0.58691 -0.12295 -0.25598
0.022195 23.034 -25.565 -2.3068 -0.074865 -9.948 1.4808 0.0013785 0.25973 -21.344 1.0116 0.00038009 -8.7379 1.1405 -0.24167 -0.27516
0.036804 12.312 -21.651 0.23837 -8.8767 -9.5209 1.3339 0.012872 0.97985 -20.686 1.4196 0.00031698 -9.4358 0.54592 -0.1751 -0.08996
0.037958 28.043 -23.277 -8.5657 -5.3053 -9.0041 1.4357 0.0060286 0.70671 -22.065 1.3769 0.00035527 -5.3164 0.7822 -0.15686 -0.34074
0.026475 15.638 -27.209 -6.8505 -0.36521 -9.4199 1.3224 0.014642 0.048597 -21.567 1.3986 0.00099378 -5.2993 0.52659 -0.093972 -0.22923
0.026271 10.179 -24.027 -9.6247 -2.5053 -8.1889 1.4802 0.0046685 0.47017 -22.233 1.06 0.00045332 -9.0166 1.0397 0.090121 0.29584
0.035195 14.916 -27.377 -8.4305 -2.6239 -9.4911 1.4995 0.019408 0.30563 -21.754 1.4001 0.00075687 -10.055 0.63319 -0.15517 -0.15432
0.032002 12.303 -22.193 -8.6067 -1.2999 -9.3314 1.4566 0.0014133 0.29111 -20.954 1.4379 0.00041649 -6.0606 1.1244 -0.14051 -0.044709
0.039162 21.233 -23.555 -5.1969 -7.335 -8.7157 1.4123 0.013101 0.66765 -21.271 1.0356 0.00055802 -7.6744 0.59133 -0.19203 -0.23043
0.017063 10.806 -23.299 8.7886 -6.1179 -9.8949 1.4241 0.019255 0.2476 -20.241 1.1171 0.00042091 -6.9782 0.60522 -0.11547 -0.11626
0.017134 30.654 -23.988 5.2552 -2.5277 -9.7542 1.1043 0.0047164 0.063523 -22.856 1.4399 0.00072207 -5.2793 0.55167 -0.18505 -0.18739
0.020018 30.91 -27.156 -4.8732 -3.1612 -8.3144 1.2393 0.0062356 0.54089 -21.181 1.0993 0.00054569 -5.051 1.0154 -0.16009 -0.18957
0.017815 12.659 -25.961 8.3238 -5.3663 -8.711 1.3797 0.018947 0.26429 -21.247 1.0592 0.0006177 -6.5179 0.52332 -0.19405 -0.030847
0.034006 12.403 -24.47 -9.2825 -4.4092 -6.9969 1.2673 0.0057752 0.21168 -23.815 1.3104 0.00064221 -7.0464 0.63997 -0.12358 -0.056506
0.035051 30.855 -23.146 -4.6843 -6.331 -7.9754 1.2962 0.0010901 0.3374 -21.244 1.1153 0.00053911 -7.7664 1.2759 -0.18084 -0.1922
0.014091 24.301 -24.145 6.0134 -1.8068 -9.6255 1.2113 0.002657 0.51689 -20.606 0.95194 0.00060285 -7.1805 0.83956 -0.21008 -0.14781
0.047048 16.804 -24.218 -8.9248 -8.3236 -9.397 1.3585 0.013839 0.33726 -22.586 1.2928 0.00029885 -9.5157 0.54503 -0.11176 -0.20059
0.023176 15.831 -26.312 -5.7817 -5.579 -8.684 1.372 0.016314 0.49686 -20.532 1.1086 0.00030856 -5.8849 0.65986 -0.19369 -0.42816
0.029617 29.624 -23.67 -5.3838 -2.9559 -9.1578 1.48 0.0038922 0.23923 -23.008 1.4185 0.00040576 -7.4619 0.55269 -0.099545 -0.26101
0.016758 13.305 -26.44 1.5651 -2.8337 -9.3349 1.2057 0.0081138 0.18363 -21.151 1.1866 0.00037036 -11.492 1.0986 -0.13141 -0.34161
0.03872 14.525 -22.238 -5.7326 -9.003 -8.3771 1.4385 0.011818 0.29026 -20.537 1.1261 0.00026921 -6.7634 0.50462 -0.21997 -0.45507
0.02434 25.928 -25.41 -7.1721 -3.003 -7.6239 1.302 0.0083054 0.91445 -20.449 1.3143 0.00061184 -5.4495 0.68089 -0.17761 -0.26981
0.023848 12.617 -24.964 -0.88658 -4.6559 -9.6863 1.4921 0.012512 0.083454 -21.707 1.3157 0.00067291 -5.5258 0.67078 -0.28545 -0.36263
0.030507 10.212 -26.187 -1.9965 -5.523 -9.1855 1.175 0.015554 0.083757 -20.043 1.0985 0.00042819 -12.654 0.6634 0.0273 0.32812
0.036988 15.25 -25.48 -6.9106 -6.8424 -9.3308 1.2802 0.018607 0.68783 -21.715 1.3137 0.00051135 -6.7125 0.53572 -0.12934 0.14946
0.036936 19.103 -25.086 -5.8864 -2.6382 -9.2172 1.1859 0.0093671 0.78312 -21.156 1.2904 0.00054706 -10.735 0.61426 -0.045192 0.1643
0.031314 25.136 -26.198 -8.9454 -2.2668 -9.4488 1.2603 0.0073424 0.25668 -20.062 0.9987 0.00070523 -6.3513 0.64898 -0.24732 -0.40037
0.028075 26.274 -24.712 -8.3334 -4.182 -7.5856 1.4215 0.0030987 0.53183 -22.071 1.229 0.00045991 -6.4214 1.0195 -0.1394 -0.4192
0.047111 13.618 -25.204 -7.0177 -6.9055 -8.8883 1.2183 0.0072378 0.41958 -22.686 1.4039 0.00046948 -9.1781 1.3478 -0.14705 -0.17367
0.037227 13.724 -24.521 -8.5352 -2.8205 -9.5084 1.4997 0.0090416 0.67011 -21.088 0.9405 0.00058619 -8.3807 0.51757 0.13929 0.4386
0.024716 10.368 -24.236 -0.74266 -3.9951 -8.94 1.3838 0.0087206 0.25599 -21.716 1.047 0.00055307 -5.3258 0.71321 -0.23607 -0.37197
0.016894 12.998 -26.267 -3.495 0.86132 -9.7653 1.323 0.010388 0.88117 -20.035 1.3371 0.00069383 -5.0804 0.56675 -0.14063 -0.12441
0.020411 27.442 -26.752 1.3166 -1.4746 -8.4034 1.4738 0.0071591 0.034289 -20.811 1.4144 0.00082284 -7.6956 0.61263 -0.22891 -0.34467
0.022566 20.544 -26.587 -2.686 -1.5718 -9.974 1.2616 0.015287 0.69197 -21.567 1.4316 0.0006011 -6.2836 0.52938 -0.20042 -0.25821
0.016601 11.079 -27.025 6.6403 -3.5541 -9.7779 1.32 0.029212 0.87904 -20.12 1.4215 0.00053734 -11.098 0.77857 -0.24286 -0.24747
0.033475 15.03 -24.987 -7.7519 -2.3374 -8.6388 0.97061 0.0078555 0.99275 -23.797 1.2351 0.00057917 -5.7405 0.52984 -0.10369 -0.25925
0.034022 15.826 -24.992 -8.2908 -3.9899 -9.1462 1.3006 0.010781 0.16657 -22.588 1.3008 0.00039794 -12.438 0.92716 -0.23828 -0.24889
0.035855 23.231 -22.84 0.69708 -7.1095 -8.2522 1.4079 0.0070535 0.17581 -23.957 1.4419 0.00049825 -9.5432 0.53226 -0.022363 0.17285
0.019407 13.583 -27.581 2.2629 -4.3494 -8.336 1.3164 0.011271 0.92016 -22.635 1.2171 0.00060993 -7.3871 0.72137 -0.2918 -0.41233
0.022956 48.28 -23.827 4.4555 -5.8713 -9.9964 1.4581 0.0071344 0.5122 -21.545 1.3307 0.00043173 -7.3619 0.68489 -0.23644 -0.20003
0.048983 41.806 -22.509 -8.1878 -9.1272 -8.0651 1.4663 0.0030158 0.40938 -21.743 1.1368 0.00032501 -8.0108 1.2804 0.013291 0.056987
0.028049 15.115 -27.113 -7.0056 -1.8407 -8.8811 1.4485 0.0053051 0.31131 -22.677 1.4342 0.00061477 -10.443 0.80359 -0.092496 -0.15208
0.036034 18.3 -24.172 -4.4915 -6.6263 -9.7507 1.3978 0.012933 0.23459 -21.803 1.2905 0.00060998 -7.9654 0.5427 0.027304 0.45147
0.020166 37.697 -24.839 -1.4739 -4.3627 -9.2274 1.3757 0.002487 0.31656 -24.424 1.163 0.00059982 -5.6073 1.065 -0.1593 -0.02741
0.036635 28.986 -24.232 -8.1628 -3.0684 -8.6786 1.2066 0.0051217 0.77003 -21.275 1.2985 0.00058034 -9.2494 0.68299 0.12135 0.32979
0.027213 18.528 -25.643 1.39 -4.9201 -8.7821 1.3421 0.015964 0.68847 -20.725 1.3878 0.00089613 -7.3405 0.6382 -0.14269 0.099571
0.027407 25.775 -25.702 -7.933 -3.1791 -8.5429 1.2239 0.0026177 0.92695 -22.454 1.1477 0.00046869 -8.1559 1.2044 -0.22545 -0.40796
0.034857 20.933 -22.748 -9.4238 -1.6581 -9.7788 1.1277 0.00090176 0.2029 -25.713 1.251 0.00052373 -9.6257 0.68901 -0.084331 0.2
0.013344 10.077 -27.126 2.1027 -0.66736 -7.9109 1.4928 0.0093727 0.91749 -24.84 1.4619 0.00071729 -8.6532 0.57019 -0.092966 0.069566
0.034543 15.505 -24.419 -0.7767 -7.7963 -9.5822 1.4512 0.014694 0.12806 -20.64 1.0738 0.00050211 -8.4505 0.5286 -0.14233 0.12925
0.037999 21.357 -25.048 -8.7071 -1.9257 -9.9336 1.2215 0.0063604 0.35242 -23.02 1.3519 0.00081277 -7.2835 0.55605 -0.12566 0.10646
0.024021 29.116 -25.325 -2.4722 -3.6055 -8.0066 1.1622 0.0069503 0.1547 -20.344 1.3474 0.00063251 -5.9137 0.77002 -0.25219 -0.42609
0.030812 32.225 -25.717 -6.0642 -5.2558 -9.2054 1.3784 0.010284 0.45717 -25.035 1.4465 0.00058807 -6.6167 0.54542 -0.28261 -0.4071
0.017515 13.202 -24.777 1.79 -4.5078 -9.2455 1.3561 0.014691 0.2715 -22.334 1.4999 0.00052771 -5.9605 0.78004 -0.21905 -0.17664
0.033688 15.843 -24.386 -4.7769 -5.0562 -7.3779 1.127 0.0044102 0.56372 -22.962 1.3437 0.00066282 -7.5 0.73544 -0.20047 -0.21293
0.018054 11.63 -27.551 2.5297 -3.2689 -7.3021 1.2473 0.0086853 0.57056 -26.859 1.4232 0.00069428 -7.3193 0.51955 -0.16526 -0.1952
0.043238 12.874 -22.486 -5.747 -6.782 -9.621 0.86433 0.0088995 0.12297 -22.936 1.2567 0.0008264 -5.0551 0.84855 -0.13047 0.036076
0.035397 15.185 -23.751 -9.5112 -4.893 -8.601 1.1484 0.0066143 0.23564 -21.305 1.4776 0.00048717 -9.4354 0.92786 -0.14324 -0.18521
0.025958 11.077 -24.674 0.16126 -5.0105 -7.6912 1.4333 0.014132 0.51068 -23.159 1.2191 0.00055412 -9.585 0.52555 -0.15895 -0.031353
0.021898 14.886 -25.259 -1.578 -4.9851 -8.4613 1.4914 0.0082219 0.47059 -22.813 1.2191 0.00045038 -8.8496 0.7544 -0.13589 -0.25908
0.023681 15.866 -24.338 -2.479 -2.0964 -8.7552 1.372 0.0025281 0.11594 -21.888 1.3523 0.00045538 -6.6778 1.1592 -0.15969 -0.28173
0.034356 24.725 -25.444 0.45797 -6.0106 -7.8962 1.4117 0.014737 0.525 -20.07 1.3669 0.00057836 -6.1479 0.52135 -0.21999 -0.22007
0.019243 12.216 -29.936 -2.1369 -1.9326 -8.5723 1.3868 0.016605 0.84245 -20.627 1.1358 0.0006932 -7.9195 0.7669 -0.19128 -0.43672
0.037424 14.928 -24.831 -6.3596 -4.4294 -8.8779 0.94881 0.010834 0.65604 -23.326 1.2099 0.00046579 -6.9426 0.53803 -0.18313 -0.3453
0.022612 13.392 -25.621 2.0763 -5.4212 -8.7185 1.433 0.013004 0.032968 -21.696 1.0412 0.00052126 -8.1188 0.53004 -0.068817 0.079623
0.035544 16.061 -24.088 -2.4144 -8.0443 -9.5808 0.99158 0.018786 0.25366 -20.394 1.2814 0.00043795 -5.834 0.61155 -0.061858 0.35223
0.027582 19.449 -25.417 -9.5473 -2.0181 -8.1312 1.218 0.0011516 0.0236 -23.567 1.0749 0.0008136 -7.0984 0.69764 -0.11529 -0.016557
0.027644 19.306 -25.772 -5.345 -3.1205 -9.8746 1.4343 0.013491 0.33261 -20.814 1.491 0.00058675 -9.648 0.55773 -0.17008 -0.23093
0.030787 31.663 -25.622 -8.4076 -4.1291 -7.1856 1.2408 0.00083846 0.88935 -20.209 1.3341 0.00045948 -9.772 1.384 -0.25666 -0.38383
0.027341 15.383 -24.279 -2.3509 -1.2899 -9.7021 1.35 0.006372 0.66377 -20.88 1.1932 0.00044387 -7.5122 0.53679 -0.08776 -0.18374
0.028066 16.473 -25.05 -7.9179 -2.39 -8.8122 1.391 0.013899 0.68054 -21.362 1.127 0.0009215 -5.298 0.59537 -0.18542 -0.38119
0.024801 14.552 -29.535 -3.7669 -1.3551 -9.3645 1.3021 0.021108 0.18959 -20.587 1.2594 0.00057314 -14.886 0.64715 -0.16596 -0.47668
0.030174 10.188 -26.862 -9.5967 -1.7505 -8.313 1.453 0.01851 0.47732 -21.731 1.3821 0.00049763 -12.827 0.77835 -0.10416 -0.21241
0.015154 13.448 -27.573 6.0616 -1.8723 -7.0451 1.3669 0.013715 0.50566 -20.268 1.1741 0.00038188 -17.174 0.69646 -0.11928 -0.10019
0.042192 13.509 -22.797 -2.9121 -8.4462 -9.5314 0.91054 0.018628 0.3696 -20.149 1.2089 0.00056409 -6.6294 0.81238 -0.13823 0.14232
0.020826 11.36 -28.581 -7.8747 0.27043 -6.1553 1.3448 0.0054802 0.78813 -20.192 1.0533 0.00043144 -14.337 1.0927 -0.027524 0.18261
0.024355 14.094 -26.652 -6.9037 -2.039 -9.455 1.2034 0.0099157 0.14244 -22.109 1.4893 0.00080271 -7.0681 0.85645 -0.241 -0.38746
0.016526 10.975 -24.271 -2.4302 -0.70022 -9.5587 1.3988 0.0055475 0.22887 -20.28 0.78033 0.00024537 -7.0611 0.63127 -0.16369 -0.18878
0.022336 11.175 -23.778 9.6318 -8.3116 -9.7455 1.4233 0.015269 0.18877 -20.941 1.1433 0.00033917 -5.233 0.51302 -0.29735 -0.44159
0.044698 68.855 -21.617 -7.0911 -7.4398 -8.4299 1.3792 0.0038003 0.020757 -21.183 1.049 0.00038193 -6.9463 0.56827 -0.1628 -0.29404
0.048487 45.783 -20.606 -7.3217 -6.1359 -8.3091 1.4663 0.0021594 0.47313 -20.739 1.293 0.0003846 -5.9621 0.80418 -0.037087 0.16822
0.029588 10.887 -22.308 2.1902 -7.1236 -8.9801 1.4432 0.018365 0.86996 -21.745 1.4098 0.00061735 -5.9332 0.59071 -0.18052 0.014015
0.017309 10.297 -26.808 1.369 -2.9382 -7.2697 1.1731 0.010734 0.57199 -22.821 1.0718 0.00058862 -10.091 0.54359 -0.00096381 0.083549
0.014871 19.137 -26.167 5.9889 -5.2988 -9.5567 1.2628 0.011128 0.49843 -20.272 1.4949 0.00053506 -8.1974 1.2205 -0.0073404 0.010229
0.05076 20.283 -22.813 -9.3677 -6.3144 -9.3816 1.0318 0.0094224 0.41118 -25.206 1.3481 0.00051636 -7.5075 0.66961 -0.16602 -0.23107
0.045635 12.151 -23.528 -8.5311 -6.4283 -9.8627 0.92573 0.019772 0.31104 -20.727 1.1603 0.00054554 -6.2862 0.55438 -0.29861 -0.4405
0.024458 11.364 -23.519 -1.3171 -6.3484 -7.1096 1.1231 0.0058858 0.29801 -23.114 1.376 0.00045366 -5.5025 1.0835 -0.30712 -0.38485
0.021675 13.851 -25.513 -5.5097 -2.0212 -9.0818 1.137 0.010857 0.69652 -20.705 1.1815 0.00071594 -7.2533 0.73443 0.058743 0.20524
0.035857 11.826 -24.317 -7.0246 -6.5166 -9.3648 1.4783 0.011672 0.22162 -23.871 1.3268 0.00035504 -5.2117 0.72918 -0.092819 -0.23722
0.01662 11.53 -26.682 8.1343 -2.067 -9.8399 1.2313 0.025908 0.57296 -20.066 1.4565 0.00071774 -9.7455 0.54038 -0.061904 0.24021
0.022835 19.261 -24.365 -3.2448 -0.055751 -9.7182 1.4521 0.0012793 0.34023 -20.663 0.83649 0.00081651 -5.1286 0.54078 -0.10121 0.068732
0.040137 10.234 -22.479 -5.0506 -8.4994 -7.0916 1.2641 0.011973 0.24044 -21.074 1.2102 0.00018347 -9.8277 0.71964 -0.12534 -0.085552
0.014653 11.907 -26.832 9.4045 -4.3203 -8.5839 1.3363 0.020336 0.5516 -20.204 1.1225 0.00071955 -6.2443 0.53148 -0.043342 0.38197
0.024654 18.674 -25.394 -6.6897 -2.2482 -8.5727 1.3469 0.0062312 0.11784 -23.031 1.1023 0.00077902 -6.2146 0.51243 -0.0444 0.068049
0.026851 11.964 -25.863 -7.3399 -2.3845 -9.9054 1.2968 0.019859 0.31818 -20.773 1.0191 0.00057221 -5.5133 0.52752 -0.094827 -0.24803
0.02466 30.307 -23.985 -4.5378 -2.9188 -9.7643 1.3602 0.0027099 0.25801 -22.115 1.3637 0.00054274 -6.7731 1.1076 -0.12809 -0.36166
0.0155 11.277 -27.43 -1.4164 1.7001 -8.5364 1.29 0.0028364 0.71749 -25.466 1.0712 0.00053596 -9.1473 0.55116 -0.15965 -0.45786
0.024239 15.725 -24.968 8.8658 -4.7414 -9.9617 1.3061 0.016787 0.28506 -20.392 1.1131 0.0008106 -5.8405 0.53259 -0.027069 0.04539
0.015032 25.525 -29.198 -0.6266 -1.4116 -9.4479 1.3628 0.015521 0.14009 -22.311 1.4739 0.00062925 -6.8356 0.69929 -0.20779 -0.40965
0.029425 17.502 -24.823 -4.9683 -2.9749 -8.4908 1.3251 0.0023402 0.29669 -22.565 1.2136 0.00041769 -7.1435 1.1634 -0.15396 -0.4581
0.039389 11.302 -21.89 -8.4179 -5.3692 -7.6868 1.4918 0.0059137 0.89618 -22.007 1.0677 0.000639 -5.4775 0.64289 -0.094686 -0.070944
0.026995 20.855 -28.58 -7.1476 -3.4804 -9.5295 1.4812 0.024961 0.25279 -21.092 1.3073 0.00060452 -9.0364 0.59259 -0.18504 -0.2968
0.020435 10.385 -27.65 -1.8179 -3.357 -9.2448 1.324 0.022858 0.010809 -20.966 1.2322 0.00042815 -11.954 0.88121 -0.18676 -0.23206
0.027254 10.226 -26.544 -3.9576 -3.7809 -8.9064 0.8243 0.016378 0.95617 -21.453 1.1257 0.00064083 -7.7343 0.81538 -0.0060112 0.14457
0.028279 27.144 -25.66 -1.3536 -5.0864 -8.9562 1.2731 0.0085828 0.20675 -23.373 1.3626 0.00064074 -7.8154 0.72804 -0.24178 -0.27125
0.018139 21.896 -23.812 3.7987 -4.7845 -9.8968 1.3711 0.01158 0.68618 -21.075 1.4222 0.00051547 -7.5433 0.54618 -0.19335 -0.26271
0.066329 23.606 -22.695 -9.4408 -9.4711 -7.6254 1.1359 0.0026551 0.48408 -27.886 0.83519 0.00027631 -5.9801 0.73163 -0.073902 -0.12819
0.024611 15.767 -25.102 1.8016 -5.1471 -9.5911 1.4881 0.011401 0.059732 -20.08 0.97603 0.0007312 -5.7605 0.5318 -0.26177 -0.26859
0.033999 13.189 -22.62 -1.7562 -8.0083 -8.5971 1.4085 0.009239 0.2724 -20.23 1.4222 0.0003944 -5.687 1.1343 -0.25378 -0.29311
0.044635 17.595 -22.718 -8.4966 -6.3125 -9.6563 1.1289 0.014119 0.57331 -23.438 1.2568 0.00063261 -5.3723 0.50017 -0.095419 -0.20056
0.028102 14.155 -24.092 -0.053728 -6.0999 -9.9403 1.3308 0.013644 0.43851 -22.55 1.3962 0.00046457 -6.3876 0.70578 -0.086174 -0.19934
0.035585 13.47 -23.363 -5.9483 -4.7972 -8.095 1.2488 0.012128 0.98153 -20.934 1.3082 0.00032171 -13.351 0.55581 -0.18741 -0.19639
0.033752 13.735 -26.05 -9.6033 -4.4366 -9.5522 1.4784 0.010179 0.54986 -22.156 1.4543 0.00069087 -7.5534 0.93595 -0.15171 -0.021414
0.026477 12.116 -23.148 -6.2156 -1.585 -7.6448 1.4489 7.2899e-05 0.091121 -22.136 0.96315 0.00061065 -7.3905 0.80828 -0.09699 0.18012
0.045639 18.274 -26.182 -8.7635 -4.1194 -9.7674 1.1928 0.019783 0.73835 -22.404 1.4547 0.00083023 -7.79 0.51161 -0.093645 -0.19282
0.02479 16.289 -25.47 -4.6366 -3.4782 -9.5505 1.465 0.013206 0.52306 -20.742 1.4063 0.00040219 -6.0631 0.79325 -0.076294 -0.056434
0.059489 17.645 -24.43 -9.8276 -8.8823 -9.9143 1.1948 0.014089 0.53503 -22.018 1.3748 0.00036846 -10.9 1.1066 -0.10223 -0.16063
0.030167 10.717 -26.444 -5.05 -6.6333 -9.911 1.4005 0.022999 0.2137 -21.703 1.4525 0.00040047 -7.5488 0.77374 -0.13641 -0.16166
0.028367 22.761 -21.764 -1.1656 -5.0978 -9.0061 1.4542 0.0042806 0.26697 -21.767 1.2884 0.00059815 -5.3707 0.52007 -0.12199 -0.051565
0.022417 30.407 -26.042 3.0095 -2.866 -8.6414 1.1196 0.0027763 0.77843 -26.533 1.3373 0.0005282 -7.8238 0.83872 -0.27649 -0.43308
0.040611 32.952 -26.036 -1.6752 -6.2602 -7.8449 1.1042 0.0067669 0.095271 -20.796 1.2505 0.00068011 -8.5346 0.85709 -0.1999 -0.36125
0.041622 13.781 -24.201 -4.8872 -8.0697 -8.9248 1.2583 0.012436 0.41077 -21.05 1.3211 0.00041022 -9.9832 1.0695 -0.054147 -0.039646
0.036977 11.784 -23.731 0.55271 -8.7887 -8.8356 1.1076 0.027058 0.92182 -20.793 1.1488 0.00045395 -7.5664 0.60176 -0.23158 -0.19942
0.042576 11.46 -24.614 -8.6197 -4.5868 -6.8031 1.3237 0.0070294 0.88666 -21.943 1.1846 0.00056737 -6.1859 0.82728 -0.11478 -0.084055
0.024481 22 -24.298 4.7713 -8.4716 -8.9025 1.2688 0.0093656 0.45049 -21.266 1.3083 0.00047585 -6.1207 0.98743 -0.074748 -0.0010811
0.032075 23.129 -23.549 -4.8519 -6.2046 -8.1995 1.4124 0.0076909 0.97529 -24.173 1.2611 0.00064475 -6.1728 0.60708 -0.12524 -0.12585
0.020649 12.789 -24.637 -2.9034 -3.3112 -7.3589 1.3898 0.0026714 0.64597 -23.473 0.88166 0.00062568 -7.0503 0.70312 0.05806 0.45316
0.029521 17.669 -25.08 -4.7534 -4.4404 -8.2691 1.449 0.0085079 0.071438 -22.4 1.1106 0.0009062 -5.4816 0.53587 -0.086404 0.018332
0.045981 47.341 -22.292 -4.0434 -8.9092 -7.9684 1.3336 0.0016969 0.24512 -22.199 1.0235 0.00056118 -6.3052 1.0859 -0.052057 0.11608
0.031249 16.373 -25.705 -5.5902 -5.4505 -8.2456 1.4936 0.0085278 0.11619 -23.787 0.99331 0.00074415 -5.7921 0.62056 -0.0071938 0.15275
0.02989 13.037 -23.541 -6.1806 -7.2742 -7.9191 1.3861 0.0086194 0.17245 -22.778 1.4606 0.00037712 -5.555 1.0709 -0.12069 0.044384
0.031819 10.806 -29.542 -8.1555 -2.1722 -9.8109 1.4244 0.035359 0.68349 -20.322 1.4367 0.00098212 -9.8339 0.55665 -0.17961 -0.39221
0.037827 13.065 -24.047 2.8625 -8.3418 -9.3345 1.3323 0.01781 0.16347 -21.097 1.1447 0.0006127 -8.3525 0.58484 0.090267 0.37466
0.039491 28.539 -23.465 -7.527 -4.7261 -9.8452 1.1753 0.009149 0.88907 -21.478 1.2222 0.00056833 -8.4025 0.61821 -0.13934 -0.36648
0.019841 28.045 -25.114 3.1479 -4.0195 -8.9684 1.0872 0.004913 0.2387 -22.585 1.4751 0.00066158 -7.4705 0.76003 -0.22301 -0.11847
0.024807 47.945 -23.634 -0.80102 -5.3286 -9.9816 1.4418 0.0083691 0.6654 -20.056 1.328 0.00047278 -8.9354 0.53627 -0.20822 -0.11727
0.026453 16.089 -24.251 5.093 -6.7046 -9.9707 1.2149 0.014403 0.82136 -20.341 0.98809 0.00062162 -6.6069 0.52059 -0.015384 0.085291
0.032118 12.791 -26.399 -6.7458 -2.6857 -8.8558 1.4338 0.017741 0.54762 -20.573 1.4107 0.0004459 -14.575 0.65817 -0.047451 0.20333
0.032405 11.754 -25.599 -6.6501 -6.4356 -9.6615 1.2288 0.015966 0.12953 -21.359 1.3302 0.0004181 -6.4723 1.3785 -0.10658 0.052358
0.03263 13.638 -26.365 -8.1619 -2.7559 -9.6015 1.2664 0.0067391 0.19984 -22.407 1.4601 0.00036059 -10.935 1.0351 -0.27513 -0.3934
0.021309 12.26 -25.805 -1.9391 -3.4536 -7.9201 1.3584 0.013174 0.60335 -21.444 1.0677 0.00044172 -12.22 0.61856 0.01583 0.055726
0.021238 11.44 -26.224 -0.52747 -4.6198 -9.6964 1.2248 0.025475 0.18894 -20.425 1.3176 0.00036408 -7.285 0.59726 -0.091359 -0.024138
0.01478 10.889 -27.093 -3.1606 -0.64372 -9.0365 1.4963 0.014741 0.56701 -20.196 1.2536 0.00052059 -9.3192 0.76587 -0.1212 -0.26193
0.034096 20.506 -23.673 -9.4779 -1.1188 -8.7945 1.3633 0.0017652 0.88325 -22.511 1.4111 0.00043057 -5.5871 0.8329 -0.10969 0.22269
0.031114 18.134 -23.97 -8.4549 -5.2093 -8.6147 1.3165 0.011298 0.68412 -21.188 1.3559 0.00040553 -9.1256 0.58898 0.11339 0.42675
0.024227 16.319 -23.755 -2.2513 -5.2188 -8.2385 1.4681 0.015034 0.3129 -20.04 1.4208 0.00066259 -5.617 0.57477 0.011446 0.030171
0.020913 17.425 -24.943 -3.422 -0.6294 -7.8559 1.4224 0.003475 0.51722 -20.946 0.86866 0.00050867 -6.9018 0.6579 -0.21063 -0.30616
0.023536 22.652 -23.113 5.3943 -5.2953 -8.6522 1.2743 0.0074222 0.51401 -21.12 1.4519 0.00071189 -5.0923 0.67496 -0.20482 -0.082001
0.044047 11.186 -23.114 -9.1491 -5.1049 -9.6316 1.0202 0.010341 0.41409 -22.595 1.0038 0.00052356 -6.1724 0.55792 -0.16367 -0.18554
0.027269 15.664 -25.074 7.4884 -7.1517 -9.7052 1.2485 0.019441 0.10179 -20.173 1.1393 0.00049337 -6.8473 0.55349 -0.21219 -0.081409
0.042673 15.751 -26.335 -4.6302 -5.9665 -9.1202 1.4783 0.015173 0.41467 -22.566 1.4205 0.00069907 -7.9321 0.62591 -0.22699 -0.29879
0.048622 11.249 -26.437 -8.3687 -7.5257 -9.3186 1.1283 0.02734 0.089438 -21.637 1.1371 0.00049324 -7.5568 0.61363 -0.091977 -0.26645
0.037553 11.498 -23.861 -2.4043 -8.5487 -9.5448 1.4254 0.015517 0.50683 -20.428 1.2261 0.00040231 -10.375 0.54107 0.067753 0.22963
0.024732 24.354 -23.521 -3.2921 -2.3054 -9.7274 1.0078 0.0033728 0.23481 -21.859 1.3752 0.00055299 -8.7305 0.78991 -0.12947 -0.11108
0.041363 10.063 -24.969 -7.0774 -3.2179 -9.7321 1.0384 0.018418 0.17373 -20.586 1.0829 0.0006672 -8.2941 0.55621 -0.040042 0.11766
0.026423 10.227 -24.067 -4.1331 -3.4666 -7.022 1.4783 0.002079 0.37747 -24.443 1.0849 0.00037867 -11.596 0.82671 0.1045 0.47438
0.047605 10.961 -21.541 -6.7644 -8.1429 -8.6794 1.4713 0.0065527 0.22799 -23.223 1.1668 0.00033162 -10.99 0.90424 -0.015217 0.089406
0.017654 22.3 -24.813 2.7642 -4.9034 -9.3197 1.2144 0.008924 0.39163 -20.642 1.2482 0.00044055 -6.2917 0.96131 -0.24789 -0.44202
0.026309 10.7 -28.233 -0.37603 -4.266 -9.4858 1.1207 0.027449 0.37193 -20.048 1.4278 0.00043295 -13.577 0.70787 -0.17953 -0.17469
0.042844 13.537 -23.257 -7.4092 -6.8987 -8.6478 1.1608 0.011142 0.78282 -22.436 1.3957 0.00024272 -13.559 1.0083 -0.13662 -0.33424
0.021436 11.651 -25.463 8.4872 -5.7046 -9.1456 1.0092 0.022076 0.1437 -21.098 1.272 0.00048497 -10.956 0.63027 -0.052284 -0.0012972
0.030998 16.054 -24.667 -3.5489 -6.2826 -9.6357 1.3719 0.014854 0.65213 -21.158 1.3374 0.00052019 -5.0714 0.55219 -0.29056 -0.42845
0.042206 17.747 -21.735 -4.4723 -8.2143 -7.7182 1.3182 0.0075343 0.15879 -20.524 1.4914 0.00060525 -5.7461 0.9691 -0.09446 -0.21969
0.027034 13.683 -25.21 -3.4327 -4.5476 -7.6718 1.3602 0.0064622 0.53147 -21.724 1.2561 0.00034672 -8.7977 1.109 -0.30501 -0.42498
0.023432 28.287 -25.283 -0.06845 -5.8212 -8.7723 1.2956 0.0021025 0.43753 -24.044 1.2522 0.00050994 -8.3337 1.2831 -0.24963 -0.34131
0.017685 12.544 -26.569 8.4731 -4.8087 -9.5668 1.2533 0.019859 0.18934 -20.272 1.0328 0.00081347 -6.6998 0.58804 -0.10317 -0.020996
0.025786 12.411 -24.962 -5.986 -5.0176 -6.2953 1.2235 0.0080894 0.46276 -21.767 0.94783 0.00035618 -6.073 0.9117 -0.20252 -0.16586
0.03587 21.089 -23.752 -2.2774 -7.7344 -9.7261 1.4375 0.0052214 0.38194 -21.737 0.95996 0.00022995 -13.159 0.69934 -0.26097 -0.31259
0.035645 11.823 -25.978 -8.9896 -0.15517 -9.6776 1.2873 0.0079076 0.26516 -21.701 1.0204 0.00038766 -10.585 0.51383 -0.16961 -0.2768
0.049518 12.303 -23.61 -9.1612 -5.3358 -9.386 1.311 0.0070388 0.45991 -21.641 1.4267 0.00026928 -13.844 0.87715 -0.010235 0.060538
0.029835 13.049 -25.036 -5.2137 -3.9771 -7.9869 0.93993 0.0095086 0.40557 -20.5 1.407 0.00078181 -5.8669 0.98325 -0.11952 -0.30779
0.030413 29.631 -23.301 -1.2213 -8.233 -9.5842 1.4888 0.0072133 0.42337 -22.531 1.2457 0.00033131 -6.556 0.77635 -0.23246 -0.22923
0.02346 17.312 -28.217 -2.9041 -1.8212 -8.8598 1.2588 0.010577 0.62887 -21.185 1.0935 0.00055397 -14.283 0.53207 -0.046583 -0.1065
0.023694 13.572 -24.099 -6.4308 -0.18267 -8.1278 1.4966 0.0032501 0.53502 -20.003 1.1521 0.00053865 -8.0989 0.53236 0.092183 0.32581
0.032729 11.364 -23.237 -3.0037 -6.0545 -7.6736 1.2384 0.005644 0.039483 -21.892 1.3272 0.0007313 -7.1948 0.8451 -0.13426 0.12559
0.045617 11.526 -25.764 -5.5023 -6.7037 -9.0139 1.4814 0.034655 0.5513 -22.008 1.3467 0.00074317 -8.3105 0.57693 -0.0979 -0.11061
0.029581 14.872 -22.586 2.6108 -7.1569 -9.8397 1.4477 0.014366 0.46758 -20.44 1.3059 0.00059134 -6.0098 0.70386 -0.17805 -0.28445
0.023729 15.334 -26.757 -7.3459 -4.3232 -8.6285 1.4669 0.018114 0.28627 -20.907 1.3034 0.00035559 -5.3782 0.61558 -0.043075 -0.11948
0.033998 22.716 -25.211 -8.308 -4.444 -8.9899 1.4203 0.01502 0.50211 -21.406 1.3836 0.00058281 -5.4924 0.62318 -0.11567 -0.24417
0.025649 17.242 -25.327 3.8255 -4.7082 -9.5364 1.3523 0.011478 0.48545 -22.097 1.0543 0.00069182 -5.669 0.50636 -0.14995 -0.12631
0.030415 12.43 -26.663 -7.9435 -3.4785 -8.3566 1.3447 0.016499 0.1118 -20.498 1.3321 0.00041019 -12.916 1.109 -0.0050047 -0.02386
0.033958 10.011 -25.606 0.16204 -5.8161 -8.0836 1.0841 0.013507 0.49886 -21.652 1.3541 0.00035248 -12.579 0.98339 -0.0038787 0.056767
0.032591 19.894 -23.443 -8.9477 -1.1886 -9.5983 1.3885 0.0023082 0.48715 -20.796 0.60926 0.00065848 -5.367 0.53207 -0.025967 0.29128
0.038294 31.4 -24.36 -6.702 -3.3404 -8.4634 1.1291 0.0071221 0.8268 -21.016 1.4608 0.00056792 -6.5113 0.61983 -0.2151 -0.17453
0.037771 10.532 -23.581 -8.1272 -6.0813 -8.7089 1.4641 0.0097526 0.79858 -21.338 1.1784 0.00034084 -10.299 0.69284 0.088729 0.36623
0.038044 12.194 -25.286 -4.9317 -7.1115 -8.3546 1.4583 0.024431 0.34065 -20.282 1.1731 0.00055225 -9.2864 0.52291 0.01874 0.16472
0.042945 11.47 -24.411 -3.2722 -7.4428 -8.8291 1.1317 0.013204 0.376 -22.272 1.0376 0.00069257 -5.0863 0.58784 -0.19024 -0.19072
0.024237 30.071 -25.847 -2.1698 -2.3559 -8.664 1.2121 0.0040004 0.93019 -24.958 1.2995 0.00057069 -9.4765 0.6884 -0.24813 -0.34475
0.026823 10.471 -28.626 -8.4959 -2.3057 -7.2908 1.479 0.02477 0.08437 -22.712 1.3593 0.00047259 -13.071 0.87565 -0.16936 -0.026468
0.047593 10.242 -21.984 -7.439 -6.8349 -8.7943 1.0532 0.011774 0.91388 -22.018 1.2679 0.00044621 -7.9383 0.5163 -0.056342 -0.0079824
0.043547 13.35 -24.126 -7.9807 -2.2875 -8.4479 0.68976 0.0030289 0.48594 -26.669 1.0136 0.00076595 -6.4012 0.61033 -0.19041 -0.41854
0.028099 11.649 -28.338 -5.6542 -1.5902 -8.7658 1.3831 0.022851 0.68886 -20.493 1.268 0.0009412 -8.5094 0.55681 -0.17213 -0.32513
0.026256 16.955 -26.429 -4.9882 -3.2364 -7.5763 1.1887 0.012836 0.076851 -21.605 1.4819 0.0003954 -14.921 1.0419 -0.11929 -0.081148
0.029163 11.862 -25.331 -9.0505 -0.75483 -9.8988 1.488 0.0073835 0.52624 -20.607 1.4743 0.00040645 -10.818 0.68463 -0.19095 -0.30691
0.038461 11.827 -25.805 -6.191 -4.9131 -4.8504 0.93387 0.0098867 0.65267 -24.559 1.4549 0.00055937 -9.3922 0.54699 0.078071 0.20563
0.023786 13.961 -27.599 -3.7707 -2.8858 -8.771 1.4483 0.012511 0.086888 -20.156 1.0855 0.00039629 -9.5239 0.6913 -0.1853 -0.38572
0.026208 13.503 -22.073 0.43324 -4.667 -8.6007 1.4486 0.0067672 0.99371 -21.086 1.4952 0.00050039 -8.9671 0.91379 -0.18523 -0.10674
0.037447 13.501 -23.927 6.7903 -8.8749 -7.2596 1.449 0.012474 0.19104 -22.822 1.4024 0.00073122 -5.2622 0.64726 -0.12358 0.10062
0.026543 20.06 -29.997 -5.5164 -1.1262 -9.5587 1.4445 0.02168 0.12122 -20.325 1.4019 0.00088434 -12.473 0.6819 -0.15905 -0.35107
0.037883 16.551 -22.992 -8.8706 -2.9829 -9.2467 0.98758 0.0066341 0.01698 -20.133 0.98428 0.00065871 -6.5458 0.54418 -0.10971 0.1872
0.02931 17.698 -23.29 -8.0861 -1.9363 -8.1348 1.2106 0.00093823 0.14024 -22.034 0.6924 0.00068184 -5.7245 0.76122 0.092757 0.33557
0.034678 12.262 -26.939 -6.9732 -1.6043 -9.1859 1.379 0.026777 0.020758 -20.628 1.3985 0.00074032 -10.468 0.66494 -0.10595 -0.21462
0.045989 11.427 -26.944 -7.1423 -6.4777 -9.8848 1.4312 0.026899 0.12356 -20.002 1.3633 0.00073723 -7.6428 0.69277 -0.14956 -0.16759
0.02087 15.302 -26.786 2.4199 -3.3515 -7.468 0.89027 0.0092977 0.22862 -21.792 1.248 0.00073554 -9.043 0.66598 -0.15202 -0.47422
0.023219 34.775 -25.898 1.3451 -3.7399 -7.5199 1.0588 0.0041886 0.99703 -23.963 1.4295 0.00065433 -9.5463 0.51889 -0.093927 0.0096376
0.058236 10.908 -22.729 -7.3874 -9.8459 -6.2952 1.0501 0.009628 0.18337 -22.442 1.353 0.00037903 -5.5348 0.86655 0.021711 0.27847
0.039502 10.017 -22.918 -5.8928 -6.4707 -7.1868 0.97531 0.022796 0.65882 -20.241 1.4742 0.00051848 -5.4498 0.89222 -0.22354 -0.1746
0.029773 26.475 -26.382 -7.2424 -1.072 -9.0204 1.2195 0.003977 0.14163 -22.555 1.3592 0.00073815 -9.7859 0.50912 -0.12193 0.070535
0.025776 10.91 -23.643 -3.498 -3.69 -9.1413 1.2372 0.016468 0.51679 -22.348 1.292 0.00056534 -7.5803 0.78211 -0.1069 0.036312
0.027053 12.801 -27.611 0.10374 -5.722 -7.4601 1.1172 0.028298 0.44248 -20.427 1.4718 0.0009345 -5.9821 0.85496 -0.24978 -0.28037
0.019602 16.105 -23.721 4.7374 -7.0848 -7.8544 1.4732 0.0092733 0.13091 -21.719 1.0356 0.00032611 -5.0568 0.77169 -0.16212 -0.30528
0.047362 13.442 -22.625 -6.6019 -8.3443 -9.5496 1.152 0.015485 0.38136 -21.111 1.3798 0.00066232 -5.8118 0.79954 -0.035862 0.36877
0.012957 17.074 -24.593 6.6508 -3.8181 -8.6749 1.3988 0.010502 0.24742 -20.416 1.0299 0.00043297 -8.8633 0.79229 -0.24346 -0.30094
0.019922 22.047 -24.466 3.4973 -4.8804 -8.6167 1.4845 0.016755 0.40131 -21.633 1.3881 0.00067117 -5.8535 0.56129 -0.21122 -0.3521
0.014757 20.96 -25.457 9.7473 -4.3331 -9.3794 1.4277 0.0055639 0.43548 -24.106 1.1544 0.00045746 -10.107 0.75857 -0.067132 0.2115
0.026164 20.254 -26.965 -8.6859 -1.697 -8.282 1.4608 0.011044 0.60066 -21.933 1.3536 0.00050705 -12.488 0.71144 -0.21671 -0.1918
0.03117 11.181 -24.661 -2.7814 -4.3858 -8.6079 1.2337 0.016677 0.41719 -20.733 1.3875 0.00074281 -6.133 0.81335 -0.14791 -0.28743
0.025475 12.966 -26.133 -8.1402 -4.0359 -9.7298 1.4262 0.018321 0.46208 -20.171 1.1257 0.0002094 -13.988 0.56877 -0.17351 -0.38498
0.022921 10.414 -21.558 2.1194 -4.695 -8.0124 1.4226 0.0034315 0.54195 -20.559 0.94535 0.00036368 -9.4069 0.72745 -0.26676 -0.24773
0.023719 12.431 -28.85 -6.6106 -2.038 -7.8725 1.3114 0.014082 0.069491 -21.344 0.8441 0.00084707 -6.1629 0.56243 -0.22258 -0.1416
0.023746 11.759 -21.962 -4.2459 -3.6598 -9.8622 1.1503 0.0067885 0.49945 -21.16 0.96303 0.0002418 -5.0456 0.75658 -0.24825 -0.46097
0.032478 11.77 -23.707 0.13056 -8.6792 -9.8733 1.4169 0.011038 0.93605 -22.197 1.3205 0.00021906 -5.784 0.55469 -0.13736 -0.017922
0.031215 16.514 -22.142 -2.8831 -2.6531 -9.6723 0.96587 0.0039551 0.78961 -20.328 1.204 0.00064983 -7.7673 0.50446 0.080191 0.60367
0.029533 27.359 -24.185 -5.8941 -6.5648 -9.9419 1.3517 0.014188 0.16804 -20.765 1.4932 0.00037285 -5.234 0.71195 -0.1916 -0.21627
0.032182 19.811 -23.488 -9.3997 -1.4345 -9.8498 1.3192 0.0036771 0.26075 -21.39 1.2106 0.00051904 -5.2043 0.66067 -0.21029 -0.22962
0.03139 16.093 -27.218 -4.0697 -5.2007 -9.7588 1.3299 0.029967 0.60464 -20.338 1.3569 0.00067181 -9.3436 0.57062 0.012176 0.060147
0.029508 27.52 -23.572 -1.441 -3.3557 -9.8171 1.2621 0.0059567 0.22338 -21.844 1.3554 0.0005148 -5.0722 0.75965 -0.076378 -0.20961
0.023081 10.74 -23.3 3.8487 -7.2815 -9.4793 1.2491 0.0074476 0.21944 -23.715 1.2157 0.00043206 -5.4706 0.78443 -0.18958 -0.11901
0.02707 17.957 -24.548 -0.13079 -8.1632 -7.7225 1.4884 0.0071963 0.24003 -22.69 0.91403 0.00024203 -8.9468 0.56168 0.016566 0.31983
0.030123 15.068 -23.781 -1.2585 -6.5769 -9.3791 1.158 0.011533 0.49624 -21.115 1.3566 0.00034979 -9.7472 0.57163 -0.0055582 0.14726
0.02992 10.095 -28.209 -9.4869 0.10204 -7.8081 1.2112 0.0084083 0.33156 -23.738 1.4764 0.00048755 -14.83 1.1997 0.014152 0.11079
0.017092 15.271 -23.767 8.6498 -4.9077 -8.8142 1.3042 0.010195 0.34802 -20.672 1.1341 0.0004978 -9.4668 0.51736 -0.15433 0.011125
0.040214 10.461 -23.659 -1.9823 -8.8485 -5.7048 1.3164 0.01065 0.69059 -20.597 1.4778 0.00060855 -5.1685 0.86769 -0.17402 -0.021072
0.022902 15.469 -29.647 -5.7989 -1.395 -7.5704 1.3413 0.010907 0.76363 -22.857 1.1961 0.00071234 -9.8127 0.70115 -0.25995 -0.24829
0.02421 12.695 -25.009 -0.50104 -6.8758 -9.7347 1.3862 0.010475 0.48492 -21.157 1.2463 0.00026258 -12.84 1.23 -0.14574 -0.042782
0.04697 11.026 -23.894 -4.7986 -9.9353 -9.5535 1.2448 0.027873 0.6367 -20.159 1.44 0.000434 -5.3288 0.84479 -0.070071 -0.051661
0.026972 27.703 -27.113 -8.0834 -0.32081 -9.0343 1.417 0.0032059 0.15286 -24.623 1.0438 0.00059023 -8.6813 0.63633 -0.1924 -0.43679
0.018637 10.554 -27.424 2.338 -1.6109 -8.5872 1.1804 0.0217 0.2954 -21.133 1.1706 0.00071558 -6.2107 0.58481 -0.26061 -0.43132
0.04337 37.542 -21.582 -7.9453 -4.7076 -9.3305 1.3679 0.0046948 0.52924 -21.834 1.4884 0.00063461 -6.1993 0.53868 0.018331 0.043863
0.027154 10.383 -23.046 -6.2112 -1.3609 -8.1468 1.3439 0.0017614 0.86321 -20.757 0.98001 0.00063372 -6.8236 0.71398 -0.00066371 0.056372
0.031378 10.597 -24.072 -3.6325 -4.3252 -9.8963 0.85613 0.021224 0.11007 -21.532 1.3112 0.00068988 -7.6814 0.75944 -0.070982 -0.19755
0.02894 18.352 -23.946 0.0060075 -7.5151 -8.5551 1.3567 0.010531 0.36042 -22.253 1.4886 0.00048862 -6.829 0.91581 -0.20518 -0.19494
0.046771 20.171 -20.757 -8.4656 -7.9098 -9.8686 1.3101 0.0045151 0.30899 -20.786 0.97718 0.00036106 -5.2361 0.94774 -0.30999 -0.40046
0.017677 11.399 -26.201 -2.2642 -4.089 -6.2578 1.266 0.0055964 0.42791 -23.524 1.2101 0.00041291 -9.618 0.8591 -0.21232 -0.37825
0.02502 10.516 -26.117 -7.9158 -1.405 -6.9457 1.278 0.0097805 0.91313 -22.164 1.3123 0.00063865 -8.9512 0.78575 -0.15398 0.0034296
0.027255 12.877 -24.551 -2.3069 -4.8386 -7.368 1.4996 0.013992 0.7947 -21.853 1.429 0.00059319 -10.073 0.69435 -0.025707 0.14242
0.026796 10.803 -25.347 -6.3148 -3.2677 -6.8449 0.95219 0.0081633 0.84858 -21.566 0.92214 0.00048456 -11.113 0.65478 -0.10204 -0.021686
0.014425 22.542 -28.031 -4.7542 0.24307 -8.8637 1.2572 0.002429 0.4178 -22.511 1.0348 0.0005937 -7.6961 0.94182 -0.2085 -0.4103
0.017362 13.61 -26.331 -1.9817 0.72118 -7.4354 1.3699 0.0018088 0.68809 -26.226 0.98501 0.00052077 -13.241 0.58656 0.13241 0.38746
0.032042 31.85 -25.556 -0.20423 -5.8212 -6.7694 1.3207 0.0018642 0.43428 -21.304 1.42 0.00056449 -7.8348 1.2393 -0.22331 -0.34497
0.019564 10.21 -28.704 5.4604 -2.6764 -7.0677 0.69125 0.0082671 0.2973 -23.946 1.4608 0.00071979 -9.3172 0.94073 -0.2454 -0.35418
0.042253 23.379 -22.49 -8.5258 -4.2396 -9.3126 1.3489 0.0021729 0.42212 -21.325 0.99017 0.00050832 -6.0225 0.97427 -0.079735 0.050312
0.045648 11.039 -22.79 -9.7068 -3.5379 -7.1396 1.0806 0.002269 0.88562 -21.273 1.3225 0.00065716 -9.0463 0.92858 0.076811 0.31405
0.03291 11.067 -23.328 -3.9334 -5.326 -6.845 1.3733 0.0066588 0.3001 -23.292 1.1515 0.0006715 -5.329 0.61931 -0.13145 0.013342
0.043684 12.151 -26.478 -9.3732 -4.6919 -8.9225 1.0911 0.0095722 0.15351 -20.163 1.4121 0.0007001 -7.8156 0.9908 -0.20718 -0.25381
0.026436 10.975 -27.625 3.2309 -5.1805 -9.0062 1.3931 0.04029 0.061437 -20.13 1.1724 0.00066936 -9.0862 0.5049 -0.26795 -0.33083
0.019694 15.394 -27.498 1.7374 -2.7337 -7.8203 1.478 0.025475 0.31493 -21.038 1.3584 0.00055165 -13.092 0.58949 -0.14078 -0.038896
0.023552 23.564 -25.323 -0.68168 -2.1051 -8.877 0.95979 0.0020811 0.89135 -24.89 1.2338 0.00062091 -6.4667 0.84629 -0.12431 -0.19383
0.046079 10.945 -21.563 -6.8727 -7.0416 -9.4785 1.1552 0.012672 0.015174 -21.491 1.2613 0.00040712 -10.411 0.6674 0.061154 0.16034
0.033246 11.726 -23.365 -8.0799 -3.3092 -8.3778 1.0767 0.0078097 0.952 -23.283 1.1384 0.00038337 -10.495 0.62552 -0.10506 -0.28844
0.014541 18.562 -26.84 -0.39653 -0.70269 -8.5541 1.4731 0.0058252 0.38837 -20.368 1.0601 0.00082491 -5.8587 0.54171 -0.12277 -0.28308
0.049263 37.073 -26.014 -7.7176 -6.043 -8.9652 1.2325 0.011105 0.54778 -22.005 1.2862 0.00069415 -8.065 0.72337 -0.30059 -0.44536
0.017963 12.617 -23.792 2.6249 -0.70368 -9.9876 1.2665 0.0056203 0.71042 -20.449 1.4895 0.00075042 -6.5016 0.5716 0.049028 0.22852
0.027281 21.456 -25.333 -5.7613 -3.951 -6.6814 1.4399 0.0067541 0.7837 -21.842 1.178 0.00039557 -12.091 0.56517 0.11419 0.4981
0.024502 11.578 -28.498 -2.4943 -2.4032 -9.2462 0.95763 0.014987 0.97131 -22.147 1.38 0.00037542 -16.9 0.69541 -0.23847 -0.39663
0.048721 13.166 -23.15 -7.7287 -7.0355 -7.1141 1.0678 0.0031973 0.72499 -20.82 1.3872 0.00050926 -5.1226 1.4409 0.033008 0.14155
0.033521 19.698 -23.807 -8.3867 -2.6543 -8.673 1.0953 0.0022374 0.43341 -26.046 1.3768 0.00052709 -7.5535 0.6626 -0.079753 0.032508
0.03481 11.548 -24.214 -5.359 -7.63 -8.8773 1.4612 0.0073562 0.99753 -23.222 1.3371 0.00024444 -9.3988 0.84121 -0.091835 0.064555
0.023981 30.434 -25.747 -1.5944 -2.744 -9.5237 1.4403 0.0074577 0.44467 -21.327 1.0642 0.00076168 -5.0254 0.53178 -0.18039 -0.37557
0.020054 20.156 -24.361 -5.064 -1.0073 -8.2964 1.3385 0.00099982 0.034478 -20.182 0.8466 0.00057829 -5.4857 1.0145 -0.15684 -0.18736
0.029681 11.353 -25.599 -5.4017 -4.1052 -8.8622 1.4897 0.01934 0.37264 -20.717 1.3379 0.00032002 -13.227 0.73401 -0.18297 -0.30499
0.021471 19.544 -26.176 -7.8549 -0.94815 -8.181 1.3726 0.005021 0.81523 -21.329 1.4377 0.00050493 -7.7803 0.77985 -0.12553 -0.34153
0.045155 10.461 -22.541 -8.3524 -8.3113 -7.7301 1.3979 0.0093237 0.079308 -20.527 1.345 0.00030246 -7.839 0.79696 -0.053377 0.12211
0.040757 11.261 -24.244 -4.2663 -7.0489 -8.925 0.84167 0.0098392 0.21687 -23.406 1.4864 0.00069217 -5.216 1.2123 -0.12887 0.024269
0.032494 12.038 -25.258 -7.5225 -3.8448 -8.4818 1.3119 0.01752 0.44007 -21.126 1.4494 0.00047362 -9.1141 0.99242 -0.15738 -0.37101
0.049734 14.974 -23.671 -6.5454 -6.5064 -9.6199 1.0443 0.0071947 0.52386 -23.458 1.133 0.00060663 -9.4974 0.70484 0.13252 0.64456
0.028596 23.764 -23.187 3.1152 -6.4121 -6.7337 0.92205 0.0027147 0.37398 -25.14 1.4308 0.0006248 -6.8154 0.62301 -0.0077961 0.027166
0.049533 19.376 -21.754 -4.9136 -8.2677 -8.3189 1.1283 0.002311 0.53667 -20.382 1.0274 0.0004788 -8.0689 1.3642 0.13142 0.49185
0.042365 11.377 -21.516 -5.69 -8.4568 -7.5168 1.4361 0.006025 0.36916 -22.993 1.1995 0.00040982 -5.821 0.74797 -0.16577 -0.22102
0.02184 20.427 -24.47 0.69427 -3.9172 -9.5642 1.1326 0.010707 0.96527 -21.212 1.4225 0.00039989 -7.3834 0.63755 -0.16367 -0.22645
0.031206 10.165 -26.853 -7.5801 -3.9441 -7.9993 1.0251 0.010246 0.19279 -21.635 1.3725 0.00055474 -10.228 1.2874 -0.27241 -0.2763
0.050666 36.563 -25.887 -8.9335 -5.6418 -9.8119 1.4449 0.016665 0.79329 -20.581 1.299 0.00085552 -8.2812 0.62163 -0.27155 -0.27416
0.046379 15.554 -27.379 -7.8418 -5.1061 -9.9402 1.3683 0.025448 0.041305 -20.823 1.4234 0.00089631 -8.6632 0.54331 -0.12544 -0.23135
0.053595 13.949 -22.318 -7.6691 -9.1532 -9.4931 1.4647 0.0091802 0.32257 -21.985 1.3028 0.00032411 -11.255 0.7616 0.052052 0.23062
0.023965 25.781 -25 -1.3587 -4.6946 -9.9413 1.4931 0.012778 0.12355 -22.31 1.3632 0.0005692 -6.0362 0.57904 -0.20068 -0.28867
0.035417 11.887 -23.952 -6.7933 -6.0785 -8.0915 1.3538 0.012968 0.62113 -20.681 1.4457 0.00039907 -5.2208 1.2234 -0.17903 -0.35448
0.015244 15.337 -25.273 -0.87514 0.45276 -9.089 1.4857 0.0044502 0.83586 -21.93 1.4709 0.00064972 -5.2913 0.50087 -0.035614 0.12589
0.053982 10.1 -22.971 -8.878 -8.1065 -8.2398 1.2843 0.018035 0.12457 -20.357 1.2925 0.00029828 -5.1536 0.86295 -0.2639 -0.26051
0.019548 11.45 -23.521 6.4034 -6.6548 -7.6623 1.3796 0.011633 0.63931 -21.825 1.3057 0.00051018 -7.1433 1.1783 -0.13082 -0.36834
0.032418 19.897 -26.262 -6.3871 -3.0466 -8.0402 1.1442 0.0059901 0.70203 -22.16 1.2828 0.00068168 -7.8736 0.76258 -0.21754 -0.20847
0.028784 21.731 -23.967 -7.5921 -2.9232 -9.7488 1.4571 0.0081644 0.15581 -20.561 1.3644 0.00058638 -5.6706 0.59901 -0.1938 -0.15909
0.017976 24.12 -24.857 5.6173 -3.9593 -8.2241 1.4943 0.0033517 0.39784 -21.49 0.74955 0.00053152 -6.7463 0.59712 -0.16777 -0.15528
0.033328 10.336 -26.935 -6.4207 -4.8033 -9.8247 1.4008 0.01717 0.0087951 -21.42 1.1606 0.00069608 -7.5571 0.66702 -0.1418 0.034899
0.049747 10.317 -23.243 -9.1743 -6.4373 -8.273 0.96854 0.018549 0.218 -21.596 1.4566 0.00073554 -5.4709 0.79138 0.0011151 0.23897
0.049427 11.685 -21.047 -7.4732 -8.5295 -9.3465 1.036 0.012119 0.93363 -20.365 1.3333 0.00040887 -6.5868 1.2722 -0.15287 -0.39374
0.030845 13.533 -24.927 -3.8597 -0.47201 -9.9668 1.3505 0.0039073 0.94728 -21.425 0.91953 0.00055972 -10.236 0.67668 0.00098844 0.17625
0.030956 11.568 -23.259 -5.5939 -6.6255 -6.8357 1.204 0.011027 0.24075 -20.685 1.2009 0.00039298 -5.2335 1.2046 -0.14762 -0.31963
0.058671 13.143 -23.745 -7.7621 -8.7688 -8.2151 1.1105 0.0117 0.57203 -22.776 1.4651 0.00051589 -5.3872 0.83401 -0.14052 -0.085723
0.034614 15.848 -23.325 -6.6554 -7.5877 -5.9438 1.1872 0.0098843 0.078576 -21.519 1.2952 0.00054241 -5.1953 1.0729 -0.19412 -0.3632
0.02812 31.357 -23.538 -3.5058 -2.4081 -9.1874 1.477 0.0030359 0.71395 -20.268 1.402 0.00054553 -8.8629 0.57633 -0.011496 0.26468
0.042334 15.188 -27.015 -9.8423 -5.5537 -9.2364 1.3362 0.0094177 0.84309 -21.591 1.2992 0.00036571 -12.739 1.1151 -0.16735 -0.3148
0.033067 13.708 -22.362 -8.3216 -4.1439 -8.3632 1.3282 0.00085081 0.098887 -23.661 1.1412 0.0004632 -6.6285 1.3617 -0.065274 -0.031773
0.038482 19.283 -24.321 -9.6382 -5.1008 -5.236 1.4451 0.00010735 0.9764 -20.381 1.4997 0.00046932 -8.046 1.0946 -0.096255 0.062531
0.050222 12.978 -21.788 -2.3809 -9.0844 -9.695 1.2894 0.013825 0.52727 -22.112 1.1149 0.00068282 -6.8031 0.57832 0.075297 0.27261
0.021253 13.471 -26.298 -2.7646 0.18241 -8.3932 1.3309 0.00058885 0.28553 -20.617 1.4009 0.00048134 -12.041 1.044 -0.20618 -0.10349
0.050998 16.556 -22.22 -1.4265 -9.9257 -9.397 1.1974 0.0094685 0.21286 -21.107 1.3271 0.00046505 -8.0161 0.95076 -0.11438 0.20703
0.025651 12.026 -26.734 3.8486 -3.517 -9.1442 1.4444 0.016297 0.14974 -21.886 1.2691 0.00096754 -6.0952 0.5244 -0.11994 -0.011739
0.028202 10.275 -26.434 3.5224 -5.1503 -9.8534 1.4049 0.028622 0.4717 -20.43 1.4206 0.00056789 -7.7412 0.57582 -0.20835 -0.18688
0.033505 11.52 -25.556 -6.3541 -6.8626 -7.6098 1.2806 0.016043 0.37483 -22.344 1.3183 0.00042362 -5.5918 0.71377 -0.10986 0.06578
0.029564 12.044 -25.844 0.80196 -5.9534 -9.0013 1.4284 0.0076747 0.5534 -20.523 1.3853 0.00030906 -8.8043 1.1616 -0.18204 -0.18609
0.038388 28.008 -25.945 -6.3546 -5.16 -6.119 1.1988 0.0026179 0.56504 -21.947 1.139 0.00071953 -5.2086 0.91421 -0.25474 -0.23369
0.020742 10.083 -24.695 8.1996 -8.1976 -7.9469 1.4702 0.018662 0.69127 -20.641 1.471 0.0002664 -11.639 0.69665 -0.21229 -0.091437
0.014824 12.562 -25.15 4.1278 -1.5912 -5.6098 1.2977 0.0015969 0.19861 -22.187 0.77809 0.00058549 -6.6086 0.61005 -0.10354 0.16473
0.028155 11.675 -25.438 -0.1382 -4.3479 -9.4828 1.1328 0.008896 0.81945 -23.116 1.1685 0.00061266 -5.9504 0.65599 -0.077029 0.17914
0.029618 13.796 -25.936 -1.6847 -2.9221 -6.4495 1.1431 0.008208 0.17454 -20.787 1.234 0.00092088 -6.3114 0.61486 -0.059632 -0.091192
0.015732 17.06 -26.208 4.5912 -4.0361 -8.335 0.99575 0.012299 0.038827 -21.328 1.237 0.0006947 -6.9909 1.0197 -0.17891 -0.42069
0.03883 17.998 -24.724 -8.7854 -4.106 -8.1252 1.2738 0.0028579 0.379 -24.175 1.0936 0.00034308 -14.296 1.0085 -0.089759 -0.058916
0.028148 17.897 -24.352 0.91381 -4.4352 -9.9338 1.4602 0.0067201 0.054578 -20.978 0.82757 0.00043703 -8.6862 0.53877 -0.18677 0.00068688
0.026315 18.861 -22.907 0.13537 -5.9357 -9.0453 1.4687 0.0097272 0.34309 -21.561 1.0733 0.00043103 -9.3374 0.5068 -0.13056 -0.23941
0.027428 21.662 -24.791 -0.80896 -6.0502 -9.0585 1.3623 0.009824 0.86763 -22.841 1.2086 0.00069702 -5.9681 0.66796 -0.24194 -0.40635
0.031771 13.49 -24.619 -6.2086 -2.8074 -9.906 0.86873 0.013192 0.27015 -21.533 1.4533 0.00058318 -7.9571 0.61618 -0.14587 -0.31142
0.039778 10.635 -25.753 -8.8097 -6.4458 -5.5122 1.3818 0.020329 0.31307 -20.396 1.3437 0.00035913 -9.7295 1.0195 -0.11067 -0.10803
0.033485 10.457 -22.434 -2.5087 -5.8268 -9.2582 1.194 0.019294 0.75564 -20.143 1.2905 0.00046806 -9.2681 0.64822 -0.035932 -0.11041
0.033714 21.367 -24.764 -2.5474 -6.4453 -6.2662 1.3716 0.0051954 0.91432 -20.728 1.4331 0.00032754 -12.115 0.78771 -0.13689 0.088446
0.045866 12.949 -25.345 -6.2917 -8.1349 -7.9965 1.1076 0.017825 0.60368 -20.695 1.4153 0.00052209 -5.9269 0.91709 -0.24116 -0.45757
0.039387 10.165 -25.746 -4.6973 -4.6673 -6.5221 0.7029 0.016047 0.59578 -22.198 1.1217 0.00069761 -6.6933 0.58034 -0.16735 -0.20898
0.043567 10.348 -25.443 -6.3125 -9.1399 -5.9248 1.3362 0.019915 0.027081 -20.981 1.2484 0.00040762 -6.0868 0.97665 -0.094421 -0.16448
0.018926 29.662 -25.076 9.4342 -4.6299 -9.7729 1.4813 0.0064537 0.27775 -21.284 1.2445 0.00093852 -5.0443 0.6319 -0.09333 0.23199
0.032079 24.926 -24.513 -8.9962 -0.93011 -8.3566 1.4015 0.0031374 0.46548 -20.498 1.1804 0.00064264 -6.622 0.57395 -0.071771 0.073728
0.025394 17.337 -28.206 -0.13923 -2.7542 -8.1094 1.3899 0.019899 0.31141 -20.294 1.4674 0.0011736 -5.4079 0.53643 -0.13755 -0.40238
0.039537 10.908 -26.218 -9.9201 -5.9525 -8.8351 1.4981 0.019921 0.3419 -22.114 1.3701 0.00080037 -5.9324 0.79314 -0.14504 -0.052005
0.029095 10.57 -26.842 -4.7556 -1.9714 -7.3023 1.4319 0.0070678 0.88608 -20.869 1.4695 0.00069479 -11.628 0.81546 -0.15804 -0.10133
0.019762 10.821 -25.348 -0.77028 -4.9022 -5.124 1.3768 0.017264 0.52293 -20.455 1.3486 0.00042427 -5.4782 1.1979 -0.22566 -0.18119
0.013397 18.072 -27.014 0.18752 -0.48676 -8.611 1.2159 0.0088446 0.70252 -20.406 1.2084 0.00071649 -5.3443 0.75869 -0.2541 -0.23978
0.025012 12.609 -25.98 -1.6837 -2.6997 -7.99 1.1483 0.011874 0.89743 -20.371 1.1099 0.00045488 -11.685 0.53869 -0.13799 0.055684
0.050192 26.087 -23.221 -4.4537 -8.9564 -9.1702 1.3629 0.017201 0.23156 -21.495 1.4566 0.00075556 -5.0632 0.57571 0.0032915 0.18973
0.036542 12.307 -25.768 -2.7205 -6.1757 -9.736 1.3954 0.027666 0.86571 -20.933 1.4593 0.00079982 -5.5596 0.54986 -0.073818 -0.17553
0.045028 13.838 -21.533 -3.3076 -8.6658 -9.4968 1.0186 0.0048343 0.14719 -25.298 0.97118 0.00023854 -5.0529 0.74874 -0.21898 -0.27409
0.023005 10.451 -27.553 -1.6487 -5.3256 -4.4256 1.4251 0.015462 0.055206 -25.219 1.4215 0.00037744 -11.009 1.373 -0.24375 -0.22923
0.039978 11.709 -24.529 -6.4536 -7.5917 -9.3695 1.2983 0.016472 0.90015 -22.746 1.2686 0.00046341 -5.8099 0.54533 -0.2284 -0.36666
0.038719 57.415 -23.894 -9.5632 -5.0346 -7.4055 1.4264 0.0023833 0.054426 -22.743 0.79267 0.00057415 -6.2101 0.67519 -0.13727 -0.10868
0.020374 11.277 -27.333 -1.9396 -2.8808 -7.5598 1.4573 0.024645 0.61052 -21.062 1.2838 0.00047984 -12.829 0.65359 0.054992 0.145
0.044907 12.632 -22.96 -4.3374 -7.3467 -5.3661 1.0124 0.0032754 0.96258 -26.519 1.4376 0.00069584 -6.9939 0.87968 -0.038287 0.36299
0.027409 10.266 -26.583 -4.0606 -1.119 -9.8495 1.4716 0.01351 0.27253 -20.708 1.2424 0.00075884 -5.0739 0.74112 -0.2172 -0.36596
0.049669 17.292 -21.752 -3.7556 -8.0502 -9.0885 1.0274 0.010564 0.67093 -23.654 1.2236 0.00069183 -5.1535 0.54308 -0.18211 -0.026077
0.017774 18.369 -28.931 5.4783 -3.6884 -9.3271 1.433 0.030288 0.29565 -20.432 1.249 0.00090142 -5.4024 0.55678 -0.28097 -0.34414
0.04338 24.182 -23.228 -6.9643 -6.2553 -7.7096 1.4015 0.014055 0.10878 -21.301 1.4663 0.00080637 -5.6533 0.55437 -0.12791 0.13692
0.034291 16.866 -23.786 -6.6312 -5.4422 -8.681 1.2266 0.012041 0.37734 -21.38 1.2386 0.00035466 -12.825 0.54757 0.010272 0.28918
0.051083 15.441 -23.221 -8.0736 -8.641 -8.2749 1.1179 0.013398 0.88283 -21.476 1.4959 0.00035325 -7.6399 0.6282 -0.092717 0.21227
0.025579 13.762 -23.662 0.63155 -7.8197 -7.3924 1.2437 0.014235 0.66821 -20.772 1.4811 0.00028044 -7.822 1.0045 -0.28481 -0.42747
0.037694 10.222 -21.875 -7.6399 -1.6279 -9.4915 0.98911 0.0024497 0.74289 -22.232 0.88364 0.00033548 -10.181 0.66109 -0.069601 -0.13315
0.020065 11.749 -26.704 -0.45248 -5.4078 -6.3258 1.2796 0.016733 0.69283 -20.614 1.3162 0.0005211 -7.4792 1.0099 -0.23144 -0.41118
0.050942 16.047 -22.512 -9.5668 -7.2977 -7.9543 1.0024 0.0065274 0.6597 -20.932 1.0226 0.00047599 -9.2557 0.90896 -0.12671 0.095265
0.037616 10.684 -26.347 -9.2365 -5.2385 -7.1189 1.0973 0.022505 0.049747 -21.778 1.2772 0.0006796 -5.7624 0.6389 -0.094831 -0.091931
0.040637 27.61 -24.504 -8.7518 -7.2426 -6.393 1.4833 0.0071926 0.54902 -22.028 1.3687 0.00037526 -5.3678 0.72167 -0.005888 0.062572
0.036741 12.233 -25.842 -7.272 -4.6734 -9.5085 1.3382 0.022473 0.16084 -20.264 1.3799 0.00061312 -8.3828 0.73852 -0.19223 -0.05132
0.050113 21.821 -22.046 -9.824 -5.6739 -9.6546 1.067 0.0065529 0.83879 -20.043 1.1568 0.00032797 -5.9342 0.65138 -0.27335 -0.30763
0.055726 11.193 -21.817 -5.1573 -9.6033 -8.1297 0.97753 0.010065 0.010283 -21.929 1.3654 0.00059075 -6.2775 0.89458 0.07249 0.46236
0.031453 11.091 -23.035 -2.7879 -6.9473 -7.343 1.3731 0.0039482 0.25386 -23.872 1.2053 0.00042639 -5.1299 1.0981 -0.1019 -0.14756
0.020709 16.436 -26.891 -0.61219 -5.0598 -9.5796 1.4969 0.014741 0.38819 -22.102 1.3518 0.00052284 -5.9581 0.63349 -0.047162 0.062432
0.023719 17.93 -27.47 7.1952 -6.1101 -8.8247 1.4141 0.021181 0.71259 -20.03 1.2375 0.00045895 -7.4428 0.53332 -0.2298 -0.37226
0.015484 11.905 -27.173 2.8991 -3.6579 -9.0559 1.1354 0.022712 0.48268 -20.133 1.4138 0.00045123 -7.8595 0.73041 -0.25183 -0.37689
0.051537 42.192 -24.501 -9.3585 -5.7555 -6.1199 1.4217 0.0043046 0.17051 -20.862 1.3713 0.00056924 -9.776 0.69114 -0.12146 0.0082955
0.022184 10.688 -25.017 -3.6303 -3.2907 -6.9736 1.4071 0.011179 0.89406 -22.807 1.2988 0.00048992 -7.0584 0.94451 -0.26688 -0.36739
0.028072 14.742 -24.607 2.2721 -4.4655 -5.459 1.0269 0.0051868 0.25501 -22.941 1.2665 0.00081407 -6.8711 0.52861 0.0488 0.20395
0.036824 11.009 -23.193 1.684 -8.7694 -4.4388 1.1301 0.0028274 0.86203 -20.784 0.88226 0.00057019 -5.1244 1.0411 -0.022878 0.2818
0.024066 10.001 -25.992 4.3507 -5.3723 -8.8478 1.343 0.016132 0.46131 -21.894 1.3776 0.00087282 -6.9022 0.63785 -0.13436 0.12605
0.019534 10.165 -22.743 -0.36713 -2.9229 -9.0259 1.4875 0.0061085 0.45044 -20.426 0.94171 0.00044038 -9.5035 0.51943 -0.060256 -0.046965
0.047343 16.354 -21.717 -9.6691 -8.3514 -7.9766 1.403 0.0052519 0.15639 -24.066 1.2256 0.00032381 -7.3968 0.97335 -0.15722 -0.16853
0.058822 14.949 -21.503 -8.2408 -9.1414 -6.0882 0.98733 0.0023719 0.85616 -22.414 0.77799 0.00031379 -5.947 1.1151 -0.12077 0.13804
0.056179 25.874 -21.308 -7.62 -5.2816 -8.2817 0.65753 0.0032906 0.3304 -22.191 1.4862 0.0007433 -5.565 0.74146 0.040473 0.16445
0.017938 11.448 -25.309 -0.84503 -3.9018 -8.3111 1.489 0.0027343 0.43895 -24.882 0.91089 0.00039802 -6.8116 0.93936 -0.11113 -0.063359
0.024082 25.171 -24.8 -4.5611 -3.3635 -9.3164 1.2639 0.0041863 0.56772 -24.54 0.93308 0.00048693 -6.9933 0.53748 -0.28769 -0.37621
0.03737 10.202 -23.405 4.3191 -9.9477 -8.4625 1.2147 0.016161 0.30669 -21.908 1.2914 0.0005263 -6.1012 0.76772 -0.11056 0.16635
0.028381 16.131 -23.596 1.1322 -5.7857 -7.4057 0.92516 0.0076357 0.65149 -20.124 1.0336 0.00073838 -5.9835 0.77938 -0.12305 0.048214
0.053382 17.1 -21.909 -6.6555 -9.0986 -9.9134 1.2009 0.0066109 0.39958 -21.251 0.97244 0.00034183 -5.1532 0.88438 -0.20188 -0.035625
0.024461 12.356 -29.844 -9.2217 -1.5969 -8.3041 1.4567 0.013093 0.30164 -21.863 1.4528 0.00036425 -17.396 1.4143 -0.21946 -0.37046
0.014839 14.235 -24.9 6.3584 -4.2405 -7.0744 1.3959 0.0067241 0.63898 -22.666 1.4937 0.00046444 -9.739 1.1683 -0.1312 -0.30569
0.041427 10.267 -25.016 -5.6221 -9.4239 -7.971 1.1465 0.010985 0.6735 -20.619 1.0863 0.00019881 -10.519 1.0616 -0.11267 0.084287
0.026685 10.701 -26.128 -0.66257 -4.7943 -7.6294 1.0999 0.021652 0.047988 -20.466 1.1505 0.0007324 -8.1503 0.58317 -0.22962 -0.15387
0.037697 10.621 -23.765 -7.0716 -7.5788 -9.0116 1.2142 0.013504 0.19559 -20.591 1.4589 0.00055506 -5.6467 1.2389 -0.22277 -0.10681
0.026861 10.869 -27.824 -5.6822 -2.7882 -7.4485 1.0959 0.019388 0.44326 -22.152 1.4389 0.00043906 -11.89 0.7702 -0.22886 -0.40683
0.041309 10.5 -25.462 -6.0779 -8.3992 -4.4806 1.2707 0.01005 0.27602 -26.431 1.1986 0.00031631 -5.9022 0.7551 -0.26151 -0.43195
0.034651 20.016 -23.228 -6.6497 -7.2173 -9.8994 1.403 0.011865 0.4135 -21.328 1.0435 0.00026298 -11.133 0.57947 -0.18722 -0.4315
0.024334 21.885 -26.351 -6.5844 0.966 -8.3745 1.48 0.00046468 0.45146 -20.209 1.0302 0.0004767 -14.005 1.035 0.19372 0.54596
0.062763 10.841 -23.288 -3.6895 -8.3462 -9.7125 0.56431 0.033004 0.34436 -20.818 1.4173 0.00055706 -7.0202 0.61202 -0.28102 -0.36062
0.037106 10.709 -25.395 -9.1431 -3.8863 -6.769 1.0164 0.010305 0.32517 -22.842 1.1648 0.00023045 -19.153 0.89951 -0.032705 0.35455
0.024748 10.005 -24.126 0.026615 -1.3901 -8.4978 1.3222 0.0020137 0.54554 -27.808 1.4591 0.00053709 -5.528 0.84349 -0.09405 -0.22926
0.031442 20.129 -24.97 0.92493 -6.9955 -5.5113 1.3218 0.0015631 0.29716 -25.891 1.4765 0.000492 -7.9594 1.3638 -0.0098733 0.068291
0.02415 23.032 -27.05 1.4072 -1.969 -8.1033 0.88363 0.0039215 0.57905 -25.781 1.3775 0.00056134 -12.694 0.64069 -0.10815 -0.083019
0.024405 22.831 -23.404 2.7954 -7.4362 -7.7565 1.4923 0.0026546 0.80915 -22.623 1.2737 0.00049584 -5.9876 1.2253 -0.070388 0.27746
0.030037 10.906 -24.261 -4.2803 -2.2962 -6.5259 1.0546 0.0011679 0.56639 -22.444 1.0134 0.00068478 -7.9731 0.52767 -0.028337 0.36048
0.033144 11.58 -22.284 -6.1604 -5.065 -6.8896 1.3381 0.0027799 0.88427 -20.382 0.8591 0.00042466 -6.4705 0.75164 -0.098795 -0.1636
0.035043 12.816 -24.781 -7.1722 -6.7327 -9.1205 1.2995 0.013073 0.64329 -21.835 1.4834 0.00034308 -9.5307 0.81902 -0.22583 -0.226
0.03434 11.922 -25.538 -9.4736 -1.6328 -7.8001 1.3653 0.001708 0.23221 -21.913 0.64154 0.00055704 -11.178 0.6558 -0.14193 -0.075969
0.050698 12.311 -24.317 -7.5385 -7.7215 -5.519 0.99179 0.0091155 0.96114 -22.047 1.3624 0.00057521 -5.7912 0.98426 -0.17845 -0.080792
0.045454 11.193 -22.663 -1.4902 -9.395 -8.9276 1.139 0.0070318 0.45618 -25.17 1.3821 0.00042357 -8.5157 0.68496 0.070001 0.35552
0.053282 43.542 -22.661 -9.8357 -6.8704 -7.4474 1.4406 0.0011444 0.55455 -21.043 1.4903 0.00050845 -8.9744 1.1564 -0.038693 0.18267
0.015525 10.053 -28.262 -3.3714 -0.0049706 -9.2463 1.3335 0.0055983 0.81497 -21.283 1.0565 0.00039557 -7.3224 1.2756 -0.20045 -0.19933
0.058034 24.544 -22.616 -7.4723 -9.9513 -8.7833 1.417 0.011406 0.056803 -20.017 1.1937 0.00043432 -6.151 0.66649 0.027776 0.33083
0.018232 34.27 -26.919 0.25387 -0.41502 -9.0673 1.4648 0.0039715 0.59795 -22.442 1.2968 0.00048171 -9.8621 0.65538 -0.27683 -0.44633
0.032667 10.474 -26.494 -6.3094 -2.9428 -6.4831 0.96473 0.016442 0.5299 -21.546 1.2747 0.00091536 -5.3597 0.52176 -0.23322 -0.37896
0.028293 11.373 -22.656 4.326 -7.2888 -8.9361 1.4302 0.0056841 0.97293 -20.045 1.2498 0.00047061 -7.9569 1.0318 0.043878 0.44515
0.045631 13.385 -23.792 -8.693 -8.216 -6.3046 1.3633 0.017392 0.3906 -20.316 1.3781 0.00033835 -11.46 0.89135 -0.14602 0.09888
0.023744 12.996 -28.644 -1.0679 -3.549 -8.5545 1.2748 0.02167 0.74667 -21.883 1.1822 0.00055073 -8.5662 0.5003 -0.26845 -0.42398
0.033836 10.471 -23.628 0.13086 -8.5495 -7.0278 1.4399 0.0071012 0.20064 -22.606 1.2902 0.00026151 -7.3772 0.85058 -0.20487 -0.46509
0.027918 14.177 -26.86 -4.0087 -5.5644 -6.5434 1.2285 0.0076476 0.42482 -21.769 1.0701 0.00043585 -5.0655 0.97263 -0.29578 -0.44215
0.014863 27.595 -26.857 6.4543 -3.6709 -9.8341 1.3711 0.019209 0.011291 -20.582 1.2913 0.00066144 -5.8773 0.59545 -0.11189 0.050757
0.021027 20.188 -24.841 2.0811 -2.8971 -9.5137 1.4717 0.020486 0.93864 -21.421 1.4945 0.00072865 -7.5923 0.53631 -0.11931 -0.22435
0.053213 16.246 -24.524 -4.4923 -7.8977 -5.2627 1.3515 0.0029691 0.834 -22.265 1.0689 0.00037049 -5.4058 1.1256 -0.23094 -0.22334
0.01952 12.115 -25.745 4.2986 -4.297 -4.9571 1.1128 0.0090922 0.16049 -22.97 0.93207 0.00051537 -9.7787 0.54512 -0.1875 -0.11416
0.059353 31.075 -22.571 -6.7489 -9.1685 -8.0387 1.484 0.0049767 0.087425 -20.639 1.3011 0.00025879 -12.007 0.93719 -0.17472 -0.021353
0.036728 12.09 -27.491 -8.1776 -4.3807 -7.1785 1.4376 0.018018 0.28276 -21.618 1.4925 0.00092528 -7.8367 0.72663 -0.1415 -0.13252
0.051892 11.707 -22.762 -9.0175 -2.6353 -9.87 0.61278 0.0052955 0.066284 -22.272 0.69064 0.00065883 -5.862 0.66022 -0.12954 -0.22606
0.029456 12.036 -28.399 -9.8815 -1.2669 -8.2405 1.3458 0.0030356 0.54154 -26.731 0.90834 0.00033379 -16.09 0.85366 -0.30189 -0.44577
0.024427 11.901 -25.89 -3.6486 -0.21792 -8.4019 1.4122 0.0069249 0.007778 -21.555 1.103 0.00073457 -8.3495 0.59533 -0.090029 -0.025018
0.049213 11.261 -21.408 -7.6102 -6.8835 -9.1919 1.2273 0.01954 0.68573 -20.235 1.4323 0.00069041 -5.3545 0.71604 -0.031727 0.099908
0.0221 12.886 -27.395 4.6774 -3.1367 -8.9494 1.1935 0.021992 0.15624 -20.175 1.3028 0.00077653 -10.772 0.5049 0.030232 0.23976
0.027618 10.104 -28.739 -7.8595 -0.61959 -8.4277 1.1281 0.015638 0.66308 -20.793 1.3381 0.00026559 -19.46 0.75935 -0.2348 -0.40945
0.052007 10.659 -22.928 -9.1851 -9.8984 -6.9773 1.1712 0.018277 0.045351 -20.029 1.2113 0.00028974 -5.1195 0.72166 -0.29068 -0.42984
0.051335 11.865 -24.014 -8.1613 -8.2507 -9.3372 1.3078 0.0070016 0.71269 -24.936 1.1153 0.00044268 -8.5008 0.7252 -0.064715 -0.12946
0.024018 24.381 -24.628 -0.91881 -4.4449 -9.163 1.0859 0.009922 0.78742 -20.649 1.0898 0.00078713 -5.9726 0.59589 -0.038373 0.2341
0.024678 15.662 -26.291 -4.5146 -5.0174 -8.9613 1.4565 0.0064169 0.82692 -22.532 1.0605 0.00018376 -7.373 0.84571 -0.24979 -0.36484
0.031697 21.342 -22.358 -0.49454 -6.7731 -7.5735 1.4798 0.0025953 0.80079 -24.22 1.17 0.00036638 -9.2964 0.76582 -0.0026228 0.21872
0.027917 15.169 -25.599 -3.0091 -4.4762 -7.8132 1.2331 0.0082303 0.74279 -21.304 1.0021 0.00039463 -12.97 0.53411 -0.16278 -0.091085
0.0195 12.032 -27.63 1.4005 -3.9145 -8.4952 1.3144 0.010049 0.77314 -20.783 1.4947 0.00032369 -16.228 1.3062 -0.02089 -0.016297
0.027411 11.373 -31.833 -8.6723 1.0809 -4.7145 1.405 0.02053 0.82489 -20.986 1.2204 0.00060728 -19.546 0.54656 -0.092434 0.036927
0.038787 12.934 -23.953 -1.8927 -9.2435 -9.4292 1.4287 0.021431 0.82501 -20.151 1.418 0.00032017 -10.697 0.66275 -0.16158 -0.051591
0.021888 13.369 -23.489 3.1027 -2.9403 -9.8253 1.4088 0.0098979 0.67272 -20.089 1.2941 0.00032552 -14.117 0.51846 -0.1163 -0.04945
0.048674 12.507 -24.317 -8.3116 -7.5479 -7.5612 1.1936 0.01662 0.05102 -20.467 1.3574 0.00037551 -6.4025 0.9321 -0.12513 -0.22232
0.018009 15.924 -28.579 1.6337 -1.7225 -7.8576 1.3891 0.019112 0.68176 -20.044 1.4639 0.00061632 -13.755 0.78419 -0.06818 -0.12075
0.018948 12.429 -27.122 4.2702 -4.482 -5.8699 1.496 0.0080939 0.023728 -23.806 1.2694 0.00072886 -7.1487 0.59118 -0.1148 0.10483
0.038261 10.876 -21.837 -9.8425 -2.4249 -9.4547 1.3368 0.0042149 0.11506 -21.1 1.1202 0.00037944 -11.917 0.84937 -0.09935 0.076448
0.041177 13.248 -23.827 -3.0142 -7.1847 -6.5413 1.1081 0.0086157 0.082808 -20.258 1.2256 0.00035891 -14.06 1.2565 -0.12647 0.064672
0.043328 12.841 -25.343 -8.217 -5.5359 -4.5264 0.95053 0.0076096 0.41943 -24.761 1.0218 0.00062197 -7.3651 0.68679 -0.16758 -0.27223
0.042263 14.728 -27.215 -9.4806 -5.3868 -8.6196 1.4196 0.023323 0.7973 -20.111 1.1169 0.00063364 -5.2299 0.5494 -0.23868 -0.38741
0.029831 11.159 -25.433 -6.4322 0.81853 -9.7834 1.1678 0.0050842 0.74327 -23.466 0.99653 0.00050463 -9.574 0.54439 -0.10747 0.03277
0.061044 13.485 -23.435 -7.4173 -8.2733 -8.7491 0.84176 0.008608 0.76096 -20.16 1.4153 0.00046569 -7.8755 1.437 0.0051357 0.060475
0.061789 11.035 -24.953 -7.7861 -8.0505 -7.9584 1.3725 0.029583 0.073907 -20.679 1.4378 0.00098773 -5.6854 0.66913 -0.17017 -0.010113
0.030327 12.115 -23.141 -6.2173 -5.4131 -4.5732 1.1137 0.0014692 0.11266 -22.136 0.81765 0.00056624 -7.6449 0.94354 -0.050139 0.13639
0.030982 10.579 -28.214 -6.3815 -3.7257 -6.9452 1.33 0.00902 0.66765 -22.664 1.2352 0.00044471 -15.091 0.91878 -0.032919 0.12816
0.033002 10.694 -26.92 3.0046 -5.2581 -9.9505 1.274 0.018139 0.8427 -22.931 1.3738 0.00064186 -12.886 0.78453 0.01219 0.1849
0.060212 21.346 -22.429 -8.9742 -7.0591 -8.3578 0.80544 0.0094321 0.17537 -20.33 1.0374 0.00066772 -7.8409 0.70447 -0.05123 0.30148
0.026115 11.479 -27.6 -9.4276 0.43882 -6.7841 1.4176 0.0044723 0.61853 -26.313 0.99523 0.00046904 -13.963 0.50228 -0.073213 0.068589
0.015516 12.284 -28.175 -1.6686 -0.45619 -8.2722 1.139 0.016191 0.055347 -20.575 1.2357 0.00059981 -10.92 0.69354 -0.11908 0.0020623
0.024189 12.939 -25.724 -4.1052 -5.9594 -9.1721 1.4149 0.025617 0.55556 -20.45 1.3299 0.00023962 -7.0004 0.89831 -0.27575 -0.41405
0.035619 24.368 -25.252 -5.7208 -4.6075 -9.9344 1.0678 0.016275 0.34442 -21.103 1.3479 0.00027496 -17.509 0.59806 -0.16988 -0.14878
0.0355 13.38 -25.925 -6.2222 -4.4951 -5.901 1.3988 0.030337 0.71997 -21.482 1.4884 0.00057882 -10.369 0.51082 -0.23084 -0.29043
0.024333 14.256 -25.694 -3.0396 -4.1065 -9.4083 1.3987 0.015597 0.82993 -20.602 1.3726 0.00091692 -5.5399 0.5955 0.084993 0.60132
0.028233 10.088 -24.452 -3.6495 -5.2079 -5.7067 1.394 0.016708 0.56468 -20.437 1.4304 0.00039972 -6.932 0.57992 -0.24456 -0.22806
0.042091 12.69 -22.164 -8.7412 -1.2971 -8.618 0.95053 0.0014076 0.10382 -21.079 0.71582 0.00075274 -5.5475 0.61091 -0.15188 0.058908
0.051378 10.081 -23.92 -8.4831 -3.701 -9.8185 0.72428 0.021224 0.064063 -20.616 1.2441 0.00078219 -5.1916 0.69106 -0.12061 0.15735
0.047025 16.292 -23.25 -5.0578 -8.038 -9.8468 1.1365 0.0048206 0.30483 -21.191 1.3056 0.00049294 -6.4925 1.3748 -0.0043052 0.12429
0.01768 19.937 -31.467 0.87861 -0.23778 -9.7996 1.4444 0.024246 0.30859 -20.731 1.3548 0.00036716 -21.812 0.52883 -0.14231 -0.28655
0.038569 10.82 -24.289 -7.0254 -4.9738 -9.8709 1.0814 0.013039 0.72419 -20.205 1.3958 0.00043997 -9.3996 1.3928 -0.0087446 0.12214
0.037026 11.105 -23.899 -3.6714 -8.7788 -5.2198 1.1632 0.0093552 0.63512 -22.824 1.3549 0.00034678 -9.0049 1.3293 -0.16788 -0.015312
0.027158 16.716 -25.866 1.728 -4.4247 -9.4558 1.0237 0.015424 0.55736 -22.93 1.4511 0.00083921 -5.5834 0.63942 -0.027133 0.08319
0.05065 14.138 -22.093 -5.3849 -8.0945 -5.8767 1.0185 0.00068229 0.64608 -21.422 1.3708 0.00063607 -6.5284 1.1627 0.030826 0.39858
0.033572 11.111 -21.648 4.4536 -9.0915 -8.1882 0.98652 0.010522 0.073951 -21.682 1.1862 0.00048226 -7.1743 0.92077 0.01178 0.18159
0.026976 24.856 -26.395 -5.6127 -1.4213 -7.8466 1.2829 0.0026722 0.8959 -23.47 1.4637 0.00037599 -14.755 0.63155 -0.09285 0.10868
0.018515 12.204 -25.123 3.6116 -6.8252 -8.339 1.4812 0.0072426 0.38003 -23.918 1.3795 0.00041351 -5.9629 1.3507 -0.18648 -0.26499
0.047571 17.771 -26.714 -8.494 -6.0974 -9.7751 0.91271 0.022078 0.83785 -22.171 1.4698 0.00030539 -14.211 0.63367 -0.25521 -0.25721
0.035669 15.531 -24.43 -3.8304 -7.4495 -9.992 1.4264 0.014737 0.6561 -21.01 1.4426 0.00042777 -6.8027 1.0484 -0.17346 -0.2599
0.028949 12.764 -23.615 -0.46837 -6.1494 -8.698 1.3588 0.0051673 0.14419 -22.944 1.4269 0.00042719 -5.3946 1.2496 -0.053498 0.21303
0.043375 16.329 -23.064 -5.3947 -8.2768 -7.4437 1.097 0.008395 0.035907 -23.374 1.1608 0.00051432 -5.3496 0.61061 0.031695 0.29918
0.054871 10.538 -21.68 -5.8206 -9.2669 -7.2464 1.1816 0.0030579 0.93091 -23.806 1.2279 0.00054701 -5.6163 1.0289 0.050765 0.32747
0.03917 11.634 -24.977 -5.7612 -6.5394 -2.9272 1.3661 0.0058279 0.62252 -20.259 1.4615 0.00051733 -9.879 1.3667 -0.051198 0.30057
0.027261 15.172 -22.776 8.1506 -9.278 -9.7263 1.2221 0.0097938 0.53048 -20.008 1.1837 0.00050292 -5.9702 1.0381 -0.11988 0.067294
0.019958 21.417 -24.697 8.8902 -6.0499 -9.5616 1.4451 0.0073032 0.63482 -21.136 1.3072 0.0006144 -8.1913 0.91289 -0.054835 0.18213
0.039068 33.157 -23.435 -2.8114 -9.1161 -8.2263 1.4835 0.003428 0.74166 -24.946 1.3111 0.00038087 -5.9301 1.089 -0.10737 0.24008
0.039966 12.728 -25.541 -5.5264 -4.0897 -9.5871 1.0537 0.015434 0.58737 -22.397 1.4848 0.00070431 -6.7982 0.60217 -0.033002 0.061663
0.018651 11.398 -23.556 -3.2578 -4.2367 -6.6832 1.4853 0.00064149 0.20009 -25.731 0.82467 0.00042785 -5.9267 1.2983 -0.1148 -0.26052
0.029335 12.177 -23.339 -0.26601 -5.2676 -6.201 0.92121 0.0035416 0.17622 -20.806 1.179 0.00059165 -5.5899 0.94935 -0.02502 0.097726
0.036417 13.711 -26.612 -6.3463 -5.6362 -4.0245 1.3901 0.011717 0.64925 -22.567 1.4725 0.00036875 -13.13 0.65996 -0.018743 -0.032572
0.033883 16.83 -23.66 -2.4397 -7.9553 -9.6773 1.2917 0.011418 0.67765 -20.922 1.2545 0.00027715 -12.866 0.57344 -0.089945 0.28001
0.027971 10.173 -29.827 -5.5809 -2.3602 -3.6387 1.2934 0.0125 0.063873 -22.199 1.0309 0.0010737 -7.6996 0.53285 -0.22605 -0.38903
0.040054 14.831 -22.201 -7.8745 -2.4487 -8.2467 1.2303 0.0010475 0.93696 -21.014 0.74604 0.00064663 -9.2231 0.6973 0.24759 0.67921
0.027801 16.405 -24.408 4.7108 -6.6171 -6.9696 1.1706 0.010346 0.088743 -22.238 1.1702 0.00069732 -5.4274 0.61969 -0.076726 -0.1327
0.029095 12.775 -30.49 -9.1995 0.47152 -7.0229 1.3326 0.0064017 0.26198 -22.618 1.0872 0.00074798 -13.937 0.55952 -0.21925 -0.40777
0.018929 18.682 -27.324 9.5752 -3.8794 -9.9615 1.2901 0.022142 0.73806 -20.986 1.496 0.00080438 -9.5483 0.7482 -0.086689 -0.11051
0.049616 10.152 -22.697 -8.6792 -9.8665 -6.2129 1.2655 0.0062537 0.81009 -25.302 1.3189 0.00026204 -5.5538 1.2823 -0.068272 -0.18486
0.023859 11.218 -23.64 -4.6122 -3.5814 -9.1435 1.487 0.0046575 0.65461 -23.055 1.2858 0.00053493 -5.3818 0.92 -0.24696 -0.46182
0.045715 13.906 -24.251 -5.7138 -8.2416 -6.996 1.0292 0.0086653 0.1409 -23.444 1.296 0.00055237 -5.5166 0.89236 -0.20579 -0.27473
0.023772 11.952 -24.806 -1.0374 -6.4371 -6.1428 1.4898 0.010502 0.21865 -23.014 1.4497 0.00057427 -5.275 0.88534 -0.15494 -0.24273
0.031354 10.053 -24.601 -1.1486 -6.0751 -5.8659 1.1735 0.016866 0.78956 -22.317 1.2756 0.00056469 -7.3277 0.73329 -0.096202 -0.11512
0.042984 13.48 -24.022 -6.9382 -4.793 -8.7713 0.79083 0.0099834 0.79438 -24.007 1.3195 0.0007136 -6.2017 0.88242 -0.15776 -0.43113
0.031678 27.414 -25.667 0.47357 -6.2825 -9.7804 1.1703 0.010687 0.60036 -21.909 1.4375 0.00086574 -5.6645 0.83824 -0.26438 -0.28141
0.057864 11.394 -24.688 -7.7499 -9.2064 -5.725 1.1788 0.014051 0.92238 -20.49 1.3138 0.00038983 -5.0465 1.1816 -0.22031 -0.30459
0.029205 10.666 -22.61 0.10843 -8.0145 -9.1523 1.0887 0.011552 0.89523 -21.004 1.1558 0.0002802 -5.5627 0.54134 -0.072714 0.055519
0.042531 14.705 -23.862 -5.3717 -8.4178 -8.8654 1.0299 0.019544 0.21077 -20.263 1.4117 0.00033659 -6.7963 1.0391 -0.13503 -0.34775
0.018002 12.067 -29.563 -1.9442 -1.3466 -7.1129 1.4642 0.017935 0.50745 -20.125 1.367 0.00074704 -12.081 0.56019 -0.14501 -0.21476
0.030372 15.853 -22.924 -5.5848 -4.7794 -9.3696 1.2424 0.0090287 0.86346 -20.123 1.268 0.00042185 -9.878 0.72775 -0.11901 -0.24328
0.015161 40.874 -27.209 5.5291 -4.2755 -8.8341 1.1856 0.0076501 0.92291 -23.143 1.4793 0.00051557 -6.242 0.85036 -0.27683 -0.41346
0.022533 11.451 -27.076 -1.0511 -4.9516 -6.8591 1.4232 0.010024 0.60559 -22.543 1.355 0.00049614 -9.8891 1.2709 -0.14663 0.064667
0.021346 20.822 -23.351 4.3775 -4.0082 -9.2106 1.4236 0.00603 0.85386 -20.534 1.3793 0.00058983 -6.8705 0.52638 -0.017264 0.16743
0.039366 21.326 -22.987 3.6563 -9.7591 -9.6598 1.4625 0.018192 0.6662 -20.24 1.4244 0.00062655 -6.8126 0.60621 -0.092977 0.2206
0.060122 18.795 -22.203 -8.3724 -9.0531 -9.6006 0.84692 0.0044316 0.66834 -26.089 1.3243 0.00040283 -7.9994 1.0477 0.0057305 0.10359
0.02534 16.677 -23.276 8.0435 -8.0014 -4.8769 1.3626 0.0014856 0.21206 -22.503 0.64627 0.00050568 -6.5019 0.85478 -0.13064 -0.15227
0.025095 17.07 -28.5 -6.4482 -1.4543 -9.335 1.4509 0.005258 0.1232 -26.883 1.0307 0.00042846 -8.3675 0.73247 -0.20534 -0.44334
0.036394 10.156 -26.844 -2.2181 -7.9588 -5.7801 1.4792 0.021988 0.81011 -20.31 1.4471 0.00027566 -13.604 1.0243 -0.24715 -0.45802
0.040598 24.127 -23.879 -6.9405 -6.4525 -5.0028 1.4209 0.004265 0.82573 -20.922 1.36 0.00038092 -12.198 0.74726 0.013383 0.32352
0.023829 12.531 -28.415 -8.3421 0.44723 -8.0415 1.2713 0.006206 0.84787 -20.998 1.4002 0.00035974 -17.475 0.59323 -0.13038 -0.076434
0.035277 27.949 -24.74 -5.6176 -4.3926 -7.1482 1.2218 0.0049843 0.87775 -22.126 1.0506 0.00070991 -8.5638 0.56956 0.0028067 0.3768
0.033109 11.329 -26.858 -6.0199 -2.4159 -8.4401 1.364 0.019027 0.15516 -22.359 1.1943 0.00065894 -8.0826 0.64511 -0.27132 -0.31775
0.053979 12.474 -21.957 -5.3272 -8.7237 -8.6249 0.98799 0.014102 0.39193 -20.943 1.2591 0.00016946 -18.914 0.77622 -0.12882 -0.0029829
0.03642 13.045 -25.075 -8.7969 -4.6946 -7.7709 1.0676 0.012368 0.83689 -20.745 1.3683 0.00030693 -13.32 0.68902 -0.14611 -0.19494
0.047557 12.503 -24.193 -4.7047 -9.087 -5.9584 1.2319 0.011343 0.22487 -20.866 1.3486 0.00025946 -12.634 0.81702 -0.075662 -0.033611
0.02443 15.188 -29.564 -3.3354 -1.5181 -5.7834 1.4915 0.0036984 0.62651 -21.596 1.1015 0.00028005 -22.956 0.55447 0.0090324 0.031841
0.023535 10.909 -22.105 -1.643 -4.4503 -9.7774 1.2851 0.0035705 0.32907 -23.895 1.0719 0.0003404 -9.1644 0.84487 -0.21349 -0.38687
0.033883 10.646 -27.563 -8.8221 -3.451 -9.8779 1.2944 0.0078966 0.39052 -26.808 1.4392 0.00045852 -9.852 1.4322 -0.12709 -0.17611
0.019222 12.445 -23.573 5.8787 -6.5418 -5.9804 1.4339 0.0019743 0.48271 -26.31 0.90632 0.00039608 -6.0782 1.0414 0.094971 0.25651
0.01457 13.414 -27.158 9.2855 -3.6454 -9.2645 1.4307 0.0095491 0.98517 -24.132 1.4513 0.00076907 -7.3954 0.86588 -0.19148 -0.15797
0.025817 13.893 -26.368 -7.4453 1.0562 -9.9902 1.3025 0.0046038 0.38966 -23.052 1.4374 0.00054928 -12.648 0.76921 -0.0011285 0.34743
0.04287 21.804 -26.649 -6.0249 -5.0683 -9.0644 1.243 0.01228 0.062999 -22.694 1.3032 0.00037779 -16.265 0.68524 -0.19201 -0.18819
0.025468 16.878 -23.739 -4.109 -4.9752 -6.3771 1.3587 0.0027707 0.85591 -22.175 1.4214 0.00045701 -6.5372 1.1031 -0.22434 -0.37619
0.048236 25.706 -20.675 -7.7776 -8.5705 -7.6129 1.4075 0.00048937 0.43456 -24.695 0.79977 0.00049196 -5.8838 1.4702 -0.064737 -0.080452
0.028893 17.459 -26.029 0.72489 -7.0115 -8.8327 1.3864 0.020528 0.52004 -22.445 1.4506 0.00052003 -7.2372 0.5155 -0.21566 -0.13736
0.027971 14.691 -27.156 -7.6725 -1.7043 -8.3639 0.9748 0.0094612 0.97001 -22.275 1.4503 0.00076569 -7.489 0.6709 -0.12481 -0.29262
0.02544 12.527 -23.902 1.9577 -5.5962 -6.6201 1.3374 0.01738 0.64949 -20.286 1.4502 0.00066404 -5.4741 0.67293 -0.27673 -0.41417
0.022745 16.359 -30.28 -0.2506 -1.6245 -6.0014 1.2058 0.0023343 0.63221 -27.085 1.4094 0.00044546 -19.394 0.7216 -0.1385 -0.37984
0.051369 10.248 -21.211 -2.3752 -9.9655 -9.3568 0.96468 0.019288 0.52077 -20.759 1.3031 0.0003948 -5.5366 0.58282 -0.07614 0.14953
0.037472 15.906 -23.927 -3.7008 -8.8569 -8.8676 1.4081 0.0089704 0.74154 -20.999 1.3608 0.00040521 -7.0806 1.1606 -0.022593 0.15271
0.028159 10.507 -24.506 -1.8094 -7.3488 -7.2559 1.4735 0.011294 0.98052 -20.86 1.4572 0.00058515 -5.7627 1.0202 -0.13885 -0.083719
0.03 13.066 -25.303 -3.083 -1.762 -8.3258 0.71838 0.0087966 0.75906 -22.093 1.4607 0.00056397 -8.4268 0.61954 -0.19261 -0.45615
0.023552 14.008 -25.123 -7.6802 -3.5485 -8.9402 1.3577 0.017715 0.41799 -21.46 1.2524 0.00038804 -9.2858 0.68833 -0.27007 -0.37102
0.026698 13.223 -27.474 -9.463 -0.51073 -8.149 1.4043 0.010961 0.28919 -20.694 0.86174 0.00044515 -13.401 0.55293 -0.23323 -0.30895
0.029523 15.49 -28.035 -4.0428 -4.7757 -5.8738 1.2981 0.019923 0.5812 -20.773 1.1063 0.00043481 -9.6539 0.51056 -0.22359 -0.3953
0.01921 11.804 -24.908 -3.4281 -3.3426 -7.6842 1.2072 0.0087254 0.57675 -20.192 1.1306 0.0005657 -5.6174 0.87851 -0.1468 -0.28939
0.028745 10.464 -27.492 -2.6598 -2.9688 -7.3089 1.1652 0.01824 0.064839 -20.185 1.4675 0.00057939 -12.787 0.85698 -0.095703 -0.0091395
0.052653 10.723 -22.24 -8.4887 -9.5607 -4.2729 1.1293 0.011262 0.82524 -20.213 1.3648 0.00039465 -8.6094 1.1755 0.03807 0.21449
0.026793 10.214 -25.255 -5.9895 -1.6598 -7.6835 1.228 0.0076009 0.41401 -22.094 1.0522 0.00034445 -8.447 0.64844 -0.16815 -0.083279
0.030031 17.14 -26.394 -1.4987 -4.8019 -6.1168 1.4482 0.0062727 0.16242 -22.103 1.2805 0.00092441 -7.668 0.60532 0.097179 0.32899
0.011731 14.658 -28.91 4.8953 1.628 -7.8893 1.4519 0.0053058 0.28835 -22.56 1.2959 0.00073608 -9.5538 0.52166 -0.20259 -0.20497
0.019114 17.581 -30.26 -5.1105 -0.45856 -5.4269 1.4891 0.0047273 0.9009 -20.417 1.281 0.00071344 -12.726 0.6186 -0.19798 -0.34127
0.033774 12.149 -24.71 -2.0956 -4.9099 -5.5088 1.1758 0.0039618 0.027079 -24.163 0.73338 0.00085732 -6.8813 0.50163 0.14871 0.432
0.044182 16.08 -21.184 -8.3058 -2.972 -9.4823 1.4072 0.0018287 0.11855 -20.855 0.85011 0.0003494 -9.062 0.91385 0.10261 0.60429
0.02714 15.341 -22.302 6.8497 -8.7563 -9.1503 1.3568 0.010703 0.517 -20.265 1.0732 0.00034824 -6.0506 0.56691 -0.20076 -0.22578
0.026001 13.228 -27.354 -3.8045 -3.5755 -8.1955 1.3349 0.002808 0.3814 -28.878 1.3266 0.00039279 -10.391 1.2591 -0.19199 -0.28349
0.042479 11.327 -22.893 -3.4274 -9.3032 -7.2797 1.4389 0.006691 0.65371 -21.746 1.0195 0.00018423 -7.6492 0.50968 -0.19861 -0.10071
0.038762 16.079 -20.927 -4.5923 -5.713 -7.5011 0.84106 0.0049302 0.74322 -20.22 0.85062 0.0004327 -5.6235 0.60279 -0.15026 -0.13765
0.025163 20.117 -27.385 2.5867 -5.0244 -9.1806 1.0774 0.021587 0.33479 -21.367 1.2682 0.0010438 -5.6572 0.63089 -0.226 -0.39143
0.02859 12.131 -25.066 -6.5094 -2.7968 -6.3205 1.464 0.0017903 0.11254 -24.107 0.71897 0.00039872 -7.2518 0.76279 -0.095894 -0.19496
0.04339 12.419 -22.736 -2.2107 -9.6069 -5.2505 1.0537 0.0093361 0.9916 -23.781 1.1478 0.00038319 -5.426 0.50759 -0.098179 0.058068
0.042357 10.399 -24.86 -8.802 -9.0343 -7.7306 1.3535 0.015983 0.73286 -20.654 1.4236 0.00048406 -5.9246 1.1827 -0.14303 0.0040828
0.045564 11.45 -23.814 -8.0953 -7.2579 -5.515 1.143 0.0056956 0.66028 -20.616 1.457 0.00043366 -7.2147 1.1827 -0.12043 -0.16175
0.0293 36.637 -23.789 -8.6187 -2.2941 -9.8307 1.4559 0.001097 0.34418 -22.372 1.1426 0.00054763 -7.0849 0.88442 -0.11833 -0.19485
0.018879 13.154 -24.079 3.742 -3.1868 -8.3544 1.0502 0.0037012 0.79914 -21.966 1.1696 0.00068473 -7.0547 0.75619 -0.22349 -0.19814
0.044927 11.783 -26.76 -9.89 -5.2351 -8.2084 1.3326 0.028472 0.32019 -20.476 1.2944 0.00094415 -5.0878 0.56821 -0.18643 -0.1345
0.021872 11.085 -24.07 0.17531 -2.9897 -7.0362 1.3333 0.0015303 0.8795 -23.6 1.3637 0.00053922 -9.4228 0.96237 -0.064437 -0.0067611
0.039635 28.978 -23.335 -8.0687 -7.3568 -9.3783 1.4006 0.013647 0.39053 -21.183 1.3498 0.00048431 -5.4475 0.55746 -0.24087 -0.21045
0.026277 10.382 -22.865 -0.08337 -7.3577 -6.9111 1.2063 0.01129 0.70071 -21.638 1.4045 0.0003662 -6.5886 1.0567 -0.24826 -0.32187
0.033326 12.071 -22.914 0.019916 -9.133 -5.9504 1.4403 0.0081029 0.83224 -20.8 1.4928 0.00041539 -5.6568 1.2272 -0.060989 0.21721
0.036848 20.839 -21.621 2.4467 -9.4256 -9.4588 1.1925 0.0021369 0.8739 -25.474 1.4275 0.00055626 -5.7567 1.4655 -0.068 0.034508
0.029458 12.42 -21.863 2.1718 -8.0851 -9.3812 1.2265 0.0026751 0.33481 -25.751 1.4746 0.00064589 -5.2127 1.4769 0.067285 0.21913
0.031064 26.247 -24.947 -9.1256 -3.6349 -8.7689 1.4585 0.0058705 0.30036 -21.016 0.94254 0.00078905 -6.4923 0.67996 -0.068562 0.057209
0.041921 11.316 -21.764 -8.0107 -7.7566 -7.5803 1.3024 0.0048693 0.11553 -21.105 1.4806 0.00038116 -8.003 1.4481 -0.061019 0.10396
0.03697 15.217 -22.007 -3.4793 -5.9199 -6.7818 1.1922 0.0023402 0.56416 -23.357 1.4655 0.00064205 -7.5742 0.75975 0.15038 0.78432
0.022669 10.467 -29.762 -5.6999 0.36186 -8.6169 1.2503 0.011466 0.66091 -22.758 1.4744 0.00042039 -17.005 0.88225 -0.11255 -0.13041
0.022347 12.6 -26.596 -8.3537 -0.44254 -8.1294 1.4379 0.0038421 0.80449 -21.049 0.89527 0.00022029 -14.992 0.81902 -0.20934 -0.1049
0.022705 19.672 -29.279 -9.1293 -0.36687 -8.9902 1.283 0.0063167 0.24851 -21.776 1.0358 0.00041347 -11.649 1.0585 -0.29223 -0.43342
0.030461 10.437 -24.49 -4.5796 -1.0103 -9.7283 0.91865 0.0081201 0.94593 -20.907 1.3992 0.00045413 -8.2064 0.69648 -0.25212 -0.28492
0.040485 11.196 -26.897 -8.5578 -4.7816 -4.9328 1.4429 0.0027919 0.44853 -26.32 1.2876 0.00033961 -15.244 0.84215 -0.13587 -0.41699
0.028056 10.101 -28.506 -8.692 -1.0879 -9.8866 1.1327 0.024471 0.821 -20.522 1.4334 0.00073779 -6.0457 0.62879 -0.19077 -0.43699
0.024581 10.482 -25.564 -4.9409 -3.8718 -4.9203 1.4097 0.0030929 0.35268 -24.877 1.477 0.00056359 -6.8114 1.0382 -0.013241 0.28216
0.034316 10.961 -24.916 -6.5502 -5.0783 -8.8013 1.434 0.015818 0.30404 -20.103 1.4216 0.00056909 -6.3717 0.83793 -0.29734 -0.39244
0.019161 10.662 -26.261 -4.0429 -2.8033 -8.7375 1.3438 0.0033542 0.15952 -25.472 1.0242 0.00057523 -6.7638 1.0174 -0.085369 -0.023061
0.043457 22.588 -24.528 -7.663 -5.8894 -8.7887 1.2457 0.0068669 0.081701 -24.121 1.2958 0.0005782 -7.9299 0.80422 -0.20406 -0.42981
0.063339 38.07 -21.797 -9.9735 -6.0538 -5.4536 0.89021 0.00084895 0.74952 -23.988 0.82161 0.00079457 -5.1826 0.65047 0.05415 0.31933
0.031033 12.304 -27.063 -7.3698 -4.8708 -4.7819 1.2819 0.0059379 0.64889 -20.541 1.0485 0.00038627 -11.279 0.97342 -0.1649 -0.43499
0.03325 24.7 -24.72 -8.4193 -4.7841 -7.7311 1.4251 0.008483 0.49849 -20.197 1.1279 0.00058284 -5.3222 0.65818 -0.061572 -0.07945
0.014944 24.735 -26.018 3.1868 -3.2037 -8.5558 1.289 0.0076509 0.61151 -21.386 1.4014 0.00036271 -13.898 0.96487 -0.069224 -0.074899
0.044016 26.264 -24.212 -8.2226 -4.8118 -5.3062 1.1642 0.00077398 0.34737 -25.48 1.3133 0.00060099 -6.9287 0.81256 -0.023222 0.056278
0.037116 12.13 -23.216 -8.2182 -5.9114 -9.8011 1.4287 0.015939 0.86144 -20.065 1.2041 0.00054157 -6.5269 0.58708 -0.20306 -0.40484
0.048888 11.082 -26.185 -8.906 -6.3618 -6.1197 1.1017 0.016762 0.80417 -22.556 1.4294 0.00042893 -8.6442 0.85114 -0.27443 -0.28656
0.054423 13.052 -23.371 -5.1567 -8.8573 -8.3492 0.77336 0.023563 0.16537 -20.565 1.4308 0.00052534 -6.597 0.88999 -0.23773 -0.39888
0.016828 17.211 -28.351 -1.8344 0.41609 -9.6042 1.056 0.0047654 0.46012 -20.126 1.4431 0.00067693 -11.356 0.78649 -0.14021 -0.37043
0.03447 10.775 -23.679 -2.269 -7.1936 -9.7605 1.4724 0.002807 0.88062 -26.868 1.2894 0.0004132 -11.978 1.4402 0.083624 0.46902
0.051657 12.283 -25.958 -9.5866 -8.6974 -4.5151 1.388 0.013567 0.55353 -25.029 1.2959 0.00034381 -6.1243 0.94797 -0.23538 -0.32742
0.027549 15.465 -28.633 -4.074 -1.2891 -6.635 1.1519 0.0067481 0.56492 -21.253 1.1924 0.00034585 -19.624 0.6055 -0.26232 -0.3403
0.012742 29.983 -26.27 4.4048 -3.2134 -8.677 1.2663 0.004951 0.69483 -22.714 0.92227 0.00035311 -12.383 0.77658 -0.15011 -0.05807
0.043437 12.454 -22.975 -2.3086 -9.6801 -5.2862 1.0523 0.0091712 0.99984 -23.786 1.1519 0.00037073 -5.5803 0.52403 -0.09321 0.056292
0.063304 10.951 -22.158 -9.1073 -8.7746 -3.2129 1.1993 0.0019393 0.6123 -24.057 1.3518 0.00042177 -7.6689 0.9566 -0.13398 -0.066088
0.015359 11.582 -25.524 5.0331 -6.1509 -8.6659 1.4503 0.0056054 0.55699 -24.225 1.0304 0.00051307 -5.0727 0.9228 -0.054416 0.042762
0.031747 10.376 -26.421 -5.8496 -3.5933 -8.6604 1.3478 0.021081 0.094841 -22.976 1.3465 0.00066227 -6.654 0.50206 -0.15219 -0.1554
0.022537 15.559 -30.803 -5.7186 -0.008891 -9.0255 1.391 0.016663 0.79755 -21.29 1.417 0.00043278 -18.269 0.71705 -0.12016 -0.31906
0.016126 13.146 -26.218 3.1963 -5.0594 -8.5942 1.4265 0.0063084 0.77533 -24.353 1.0139 0.00033847 -9.5473 0.92623 -0.059185 0.19222
0.027221 10.383 -25.503 -4.5191 -5.6548 -8.7793 1.4291 0.0067297 0.75981 -20.693 1.0169 0.00022823 -10.795 0.77776 -0.25064 -0.24164
0.050684 10.326 -23.277 -9.9255 -7.9143 -8.3461 1.2674 0.0067056 0.08159 -22.419 1.3952 0.00038426 -6.8731 1.255 -0.19538 -0.045165
0.029125 50.96 -24.02 -3.0411 -7.58 -9.1231 1.3602 0.0066437 0.92501 -20.19 1.2797 0.00025628 -11.841 0.98688 -0.087957 -0.24352
0.028168 11.246 -25.887 3.4171 -4.6946 -6.079 0.90571 0.0035285 0.50795 -25.593 1.4191 0.00064653 -8.5391 1.0007 0.015594 0.23377
0.028037 21.204 -24.483 -1.7016 -4.0659 -6.4407 1.4904 0.0049259 0.33039 -21.177 1.2027 0.00044666 -12.799 0.53808 0.090734 0.48458
0.052545 49.407 -22.339 -8.033 -7.5595 -7.2546 1.4089 0.0054939 0.47141 -20.075 1.2763 0.0004167 -8.9852 0.56149 0.059923 0.16278
0.036871 21.149 -24.771 4.3414 -9.285 -8.3583 1.2996 0.01188 0.84026 -22.534 1.4911 0.00037768 -7.7274 0.67499 -0.11561 -0.26519
0.017703 11.299 -24.947 7.4734 -5.2637 -4.6413 1.4325 0.0036651 0.11635 -21.845 1.3286 0.00070569 -7.1133 0.96334 -0.0163 0.020401
0.074462 10.617 -21.945 -7.9532 -9.8413 -8.7122 0.70345 0.017094 0.57012 -22.193 1.381 0.00034708 -9.9402 0.82215 -0.062557 -0.12233
0.057357 11.014 -24.775 -8.0071 -8.7661 -7.7699 1.1783 0.009043 0.09341 -21.95 1.4232 0.00061057 -5.0236 1.3509 -0.2961 -0.36226
0.050974 11.816 -23.381 -9.5976 -7.1813 -8.4825 1.3088 0.0097417 0.76873 -23.372 1.2659 0.00036871 -6.3542 0.5485 -0.12816 0.076077
0.043677 15.465 -24.295 -5.8919 -6.8981 -8.0061 0.96915 0.010672 0.30062 -20.738 1.0612 0.00064791 -5.55 0.85174 -0.12707 -0.3067
0.010518 15.792 -28.332 3.1836 0.30658 -7.6662 1.4173 0.00068232 0.28141 -22.966 0.70988 0.0006287 -11.998 0.75535 -0.046495 0.30832
0.018244 11.856 -28.839 -0.73648 -0.9628 -5.1157 1.4354 0.007586 0.14049 -22.184 1.1011 0.0010643 -5.4301 0.51054 -0.16544 -0.24885
0.040786 15.797 -26.614 -8.4373 -5.5496 -9.6234 1.4984 0.019438 0.31688 -22.164 1.2956 0.00081549 -5.6282 0.56638 -0.13907 -0.42751
0.036985 12.07 -26.315 -6.3583 -7.4466 -3.7549 1.2881 0.010764 0.35913 -24.584 1.2474 0.00043995 -5.8714 1.1079 -0.24399 -0.39174
0.010809 14.356 -26.933 1.7358 -2.374 -9.241 1.4607 0.0090731 0.27086 -20.266 1.0364 0.00038927 -7.2296 1.258 -0.28511 -0.4428
0.030755 12.974 -25.123 -7.5057 -6.6509 -8.254 1.3193 0.014728 0.049012 -21.248 1.4208 0.00035047 -8.1346 1.4171 -0.12166 -0.20262
0.040463 11.212 -22.527 -8.2261 -3.9889 -9.7988 1.2256 0.015571 0.31258 -20.161 1.3397 0.00029829 -12.829 0.61004 -0.078493 -0.1565
0.016105 15.675 -23.953 8.9256 -6.7937 -8.3113 1.4935 0.01622 0.013212 -20.334 1.1935 0.00042884 -6.2697 0.94235 -0.21715 -0.41614
0.03814 15.85 -27.987 -9.2135 -3.7505 -9.7245 1.4229 0.029853 0.42915 -20.11 1.4119 0.00091285 -6.6283 0.53526 -0.24247 -0.31271
0.038167 11.835 -24.793 -9.7758 -2.9025 -8.3303 1.3522 0.0053462 0.022643 -20.225 1.466 0.0005102 -8.0679 1.3652 0.019289 0.22624
0.057744 13.461 -25.314 -7.7273 -9.2129 -8.0158 1.3953 0.033401 0.68501 -21.283 1.4446 0.00049593 -7.0549 0.55212 -0.15538 -0.23917
0.030036 12.234 -25.733 -0.51703 -7.5783 -8.0559 1.3961 0.0024891 0.31854 -26.454 1.0761 0.00040935 -5.193 1.4695 -0.10023 0.039315
0.049732 13.632 -25.822 -9.7015 -6.8574 -5.6808 1.315 0.013209 0.52739 -20.569 1.1501 0.00045897 -5.4118 0.50338 -0.14614 -0.39203
0.029004 25.612 -23.757 -5.4632 -2.8101 -9.8559 1.4685 0.0024723 0.58759 -26.239 0.77573 0.00038509 -11.462 0.54131 -0.26521 -0.3046
0.020666 17.711 -27.234 4.3349 -5.281 -9.2665 1.2628 0.0076314 0.56387 -25.188 1.0534 0.0003812 -6.5477 0.66198 -0.15873 -0.31173
0.021305 26.901 -22.93 3.046 -5.8227 -8.0757 1.1158 0.0010168 0.6553 -25.967 0.88455 0.0004281 -9.0993 1.1017 -0.23608 -0.3231
0.03325 10.327 -23.739 -5.5691 -6.083 -5.1873 1.4159 0.003358 0.97678 -20.431 1.3469 0.00038996 -9.6937 1.1978 -0.044597 0.12264
0.044017 10.786 -25.858 -7.0938 -6.5139 -4.5023 1.1326 0.016464 0.42487 -23.398 1.2622 0.00054409 -5.8063 0.5565 -0.14542 -0.28253
0.039046 11.393 -23.008 -7.9152 -6.083 -5.6472 1.483 0.0017437 0.17117 -26.249 1.0547 0.00032733 -9.1444 0.80828 -0.14281 -0.18123
0.03942 10.594 -22.91 -7.9733 -4.4644 -8.7358 1.3541 0.004203 0.62124 -23.745 1.1553 0.0002988 -13.007 1.1721 -0.11689 -0.027834
0.02245 11.03 -23.887 0.88163 -7.3398 -7.4325 1.4087 0.0074637 0.47119 -24.283 1.3758 0.00042066 -6.6676 1.363 -0.15027 -0.23962
0.029489 11.99 -26.689 -4.0736 -2.9185 -8.0573 0.84193 0.0028099 0.38928 -27.414 0.94959 0.00054667 -9.7226 0.78322 -0.17868 -0.12382
0.023818 10.348 -26.173 -7.1673 -0.21175 -8.3009 1.4655 0.015938 0.85629 -24.214 1.2292 0.00065926 -7.0771 0.62348 -0.14597 -0.19195
0.025963 17.817 -26.662 -6.8815 1.7149 -9.9584 1.2559 0.0053761 0.10486 -20.253 1.0039 0.00040565 -11.277 0.73887 -0.17442 -0.073462
0.028164 12.665 -25.047 -5.9981 -1.3633 -9.9935 1.3565 0.0070341 0.063751 -21.894 1.3788 0.0005891 -9.7409 1.0268 -0.13535 -0.30076
0.02723 16.247 -28.397 -7.3815 -1.5947 -9.5869 1.3077 0.0055161 0.12335 -27.119 1.0969 0.00042568 -8.5563 0.81841 -0.1966 -0.45292
0.012364 14.035 -28.135 -0.59246 -1.0443 -9.2902 1.4074 0.0045316 0.88827 -26.566 1.4341 0.000457 -12.176 1.1563 -0.03664 -0.104
0.040609 12.357 -25.386 -8.6528 -8.6842 -7.1379 1.2752 0.018263 0.96855 -20.174 1.3195 0.00027368 -6.9215 0.70861 -0.21855 -0.10612
0.036167 30.681 -25.933 -8.8169 -4.8374 -7.0506 1.0593 0.0034867 0.36777 -20.739 0.82834 0.00065693 -5.4353 0.91942 -0.31469 -0.43223
0.025364 10.107 -28.02 -9.0021 1.7733 -8.2876 1.4721 0.008056 0.87514 -22.125 1.4844 0.00047396 -12.014 0.86989 -0.10887 -0.10118
0.030294 34.085 -24.108 -6.2219 -3.6603 -7.8011 1.2304 0.002706 0.23787 -23.693 0.7482 0.00034054 -7.6479 0.59774 -0.24109 -0.42219
0.045137 11.419 -22.719 -6.2478 -8.605 -6.951 1.2512 0.0036173 0.18292 -24.496 1.1745 0.00039722 -5.0037 1.4655 -0.19413 -0.46638
0.056055 10.321 -22.443 -4.1586 -9.9876 -7.8149 0.99003 0.0059032 0.42687 -23.274 1.1631 0.00021083 -13.123 1.4754 -0.24305 -0.33023
0.026083 24.962 -24.114 -2.3868 -2.6064 -9.664 0.79537 0.0074701 0.40978 -21.137 1.2009 0.00054095 -6.2269 0.77391 -0.04864 -0.056378
0.030693 14.873 -21.298 -0.85802 -6.2496 -9.4749 1.1806 0.0061383 0.27143 -22.937 1.4605 0.00048236 -5.2976 1.2513 -0.1921 -0.40265
0.034823 10.61 -26.31 -8.1257 -1.0892 -6.7022 1.251 0.0067274 0.31358 -21.32 1.2411 0.00072537 -9.6006 0.5749 -0.10088 -0.28548
0.034288 12.195 -27.778 -9.0452 -6.1647 -9.6967 1.4255 0.012802 0.48914 -24.005 1.457 0.00034457 -9.243 1.0294 -0.25785 -0.3016
0.032592 11.437 -25.736 -5.0741 -6.9832 -5.31 1.4104 0.011596 0.30756 -22.053 1.3734 0.0004485 -5.4351 0.7024 -0.10253 0.00099622
0.031293 14.904 -22.658 -4.8259 -5.7274 -9.5511 1.3013 0.0017907 0.28013 -24.31 1.2655 0.00062103 -5.8739 1.4042 -0.22516 -0.1687
0.024106 10.276 -29.153 -4.658 -1.7558 -4.4739 1.4759 0.0018622 0.43764 -26.069 1.3422 0.0006069 -13.468 0.69997 -0.20461 -0.2567
0.025455 10.753 -24.232 0.4379 -5.0698 -9.8298 1.2663 0.0071895 0.036276 -21.452 1.4671 0.0006329 -8.2502 0.95081 -0.16436 0.015605
0.039376 12.043 -23.713 0.74556 -9.9812 -6.4401 1.3297 0.010565 0.75031 -22.752 1.2681 0.00028052 -5.9386 0.5888 -0.060892 -0.072966
0.045671 12.363 -23.592 -4.8595 -8.6895 -8.9027 1.3221 0.020453 0.2578 -20.466 1.297 0.00063633 -6.7869 0.88456 -0.16251 -0.015757
0.038805 19.332 -22.282 -1.7277 -7.0217 -8.4476 1.2384 0.0078512 0.92663 -20.722 1.2265 0.00047986 -5.9355 0.64078 -0.11325 0.15336
0.051456 16.335 -22.662 -6.2349 -9.4772 -9.4173 1.3064 0.019785 0.22042 -20.87 1.2709 0.00059647 -5.1357 0.53783 -0.039542 -0.079205
0.033199 10.217 -23.787 -5.6308 -6.0974 -5.1877 1.413 0.0035107 0.97678 -20.44 1.3488 0.00038978 -9.7104 1.2083 -0.043637 0.12269
0.046408 10.507 -23.463 -8.3028 -9.5902 -4.7098 1.4564 0.018252 0.8676 -20.713 1.2881 0.00025294 -10.681 1.0191 -0.19553 -0.25832
0.018912 13.364 -26.112 4.6086 -2.0758 -7.3858 1.3001 0.001048 0.47997 -27.863 1.4158 0.0007679 -7.6059 0.92857 -0.14141 -0.33576
0.024303 11.747 -24.365 5.5012 -6.5758 -6.1973 1.2045 0.013496 0.025326 -20.173 1.0871 0.00055015 -5.2964 0.62633 -0.22422 -0.29798
0.022854 11.532 -28.755 -3.8838 -2.6084 -8.4562 1.3326 0.0073442 0.55892 -26.58 1.4999 0.00051692 -11.63 1.3384 -0.151 -0.25032
0.041297 11.245 -20.927 -6.0985 -3.8885 -9.871 0.88164 0.0014942 0.07006 -28.117 1.0188 0.00057536 -5.2101 0.83843 -0.15203 -0.11858
0.053279 17.276 -22.652 -9.4064 -6.4663 -5.7786 0.96938 0.0050895 0.13519 -21.245 0.87973 0.0004373 -5.2371 0.59518 -0.066781 -0.078054
0.042817 12.893 -27.822 -8.4231 -2.6376 -8.9633 1.4197 0.01995 0.17698 -20.521 1.156 0.00062373 -14.409 0.54826 -0.1244 -0.21619
0.055664 12.065 -24.81 -6.6344 -8.2281 -7.8124 1.2054 0.0080422 0.060533 -24.149 1.0703 0.0002364 -14.68 0.74179 -0.23538 -0.36172
0.039244 46.026 -24.988 -4.8897 -5.8008 -8.3365 1.3779 0.0087302 0.3283 -20.491 1.0433 0.00063981 -8.8316 0.53378 -0.071664 -0.20492
0.040563 13.428 -25.177 2.7087 -9.3293 -6.5188 1.3627 0.01786 0.76433 -20.659 1.4264 0.00046648 -5.4685 0.65246 -0.13781 -0.12542
0.015143 11.826 -29.533 9.1077 -2.1238 -6.2809 1.4709 0.017819 0.67842 -21.787 1.2311 0.00094419 -7.4501 0.50977 -0.24896 -0.20037
0.030228 13.728 -27.805 -8.3636 -2.4764 -8.2216 1.3198 0.016508 0.21051 -22.241 1.3712 0.00074565 -7.4623 0.77501 -0.17897 -0.23727
0.014856 16.919 -26.409 2.7121 -1.4619 -8.4085 1.4961 0.003773 0.022654 -20.223 0.99975 0.00066153 -10.013 0.76041 -0.096943 0.026447
0.025573 10.798 -23.074 -3.864 -4.9082 -9.3229 1.4487 0.0012867 0.43879 -24.018 1.2306 0.00057909 -6.2092 1.4334 -0.24804 -0.41348
0.028683 10.619 -26.93 -3.7894 -2.2462 -7.2667 1.3508 0.0034652 0.77279 -23.959 1.1196 0.0002824 -16.146 0.8072 -0.08711 -0.21637
0.034049 10.376 -23.709 -6.732 -5.5774 -6.8686 1.438 0.0035817 0.83013 -26.052 1.4915 0.00039748 -6.9091 1.2307 -0.12182 -0.2309
0.024726 12.986 -28.731 -4.9894 -2.8936 -6.0062 1.3531 0.011217 0.75549 -20.533 1.1708 0.0005738 -12.17 0.70584 -0.2032 -0.19846
0.025145 16.519 -21.648 -0.93635 -4.1361 -9.0569 1.4152 0.0028548 0.76845 -21.199 1.3736 0.00040903 -5.9718 0.86454 -0.16086 0.0099168
0.027506 13.377 -25.985 -5.7156 -1.2852 -8.5157 1.1391 0.0056351 0.60302 -20.45 0.82765 0.00046362 -9.4132 0.66055 -0.20851 -0.37453
0.015651 17.566 -28.416 7.0614 -1.4443 -9.0204 1.2487 0.0075674 0.030089 -20.179 1.3098 0.0006938 -10.147 0.78049 -0.14793 -0.32517
0.025791 17.463 -25.613 -3.8999 -1.2889 -9.3981 1.4592 0.005367 0.19018 -20.258 1.3044 0.00048634 -8.2876 0.67948 -0.27959 -0.3358
0.025399 11.69 -26.569 -2.8324 -5.1303 -9.0051 1.1918 0.010058 0.55722 -22.195 1.1669 0.00022195 -10.731 0.81668 -0.24689 -0.35538
0.032726 11.08 -26.276 -9.8342 -0.52043 -9.0346 1.4476 0.012147 0.57864 -22.133 1.2187 0.00062387 -10.4 0.66221 -0.21891 -0.44939
0.017917 10.543 -25.136 5.3051 -0.3112 -9.7514 1.2937 0.0057898 0.82942 -22.528 1.1831 0.00065624 -7.8399 0.6761 0.017113 0.24008
0.023925 10.518 -27.659 -2.0829 -0.89019 -6.9046 1.3193 0.0071743 0.47601 -20.198 1.1675 0.00052955 -13.396 0.72256 -0.22243 -0.4234
0.056611 11.569 -24.426 -2.8422 -9.8132 -9.261 0.87722 0.023754 0.0099853 -20.14 1.3438 0.00018063 -16.408 0.93382 -0.20796 -0.44645
0.017546 19.98 -26.018 -0.77147 -1.9231 -6.8584 1.3811 0.00679 0.89613 -21.443 1.3757 0.00060645 -8.3592 0.56328 -0.15813 0.075466
0.065822 12.601 -23.801 -6.3125 -9.4162 -7.3275 1.1416 0.015242 0.91979 -21.43 1.4372 0.00046482 -9.3014 0.75889 -0.033618 -0.0062367
0.023717 15.283 -26.118 -6.054 -1.2664 -6.6702 1.4546 0.0013488 0.47658 -22.817 1.4811 0.00045418 -11.799 1.0553 -0.10748 0.0028625
0.023175 11.912 -24.874 -5.666 -1.1934 -8.3383 1.4554 0.0039295 0.58272 -23.198 1.0218 0.00030477 -14.542 0.81598 -0.11599 0.037126
0.0263 14.855 -22.945 -7.698 -2.5287 -9.2204 1.4841 0.0024954 0.079145 -21.635 1.2457 0.00039715 -8.4066 1.2436 -0.18995 -0.36398
0.025596 10.155 -23.298 2.2663 -5.2389 -8.0588 1.1333 0.0065474 0.73454 -25.708 1.2603 0.00051977 -6.1908 1.0171 -0.2685 -0.37879
0.040593 10.322 -25.492 -1.5492 -9.9939 -2.5001 1.2711 0.0082977 0.97751 -27.136 1.3209 0.00011724 -13.043 1.2122 -0.29776 -0.44415
0.019671 11.135 -27.222 2.3638 -1.3013 -8.2836 0.92113 0.0067792 0.1211 -21.839 1.1797 0.00065451 -9.8106 0.72749 -0.21677 -0.3711
0.035115 10.693 -26.496 -9.1226 -2.9997 -2.6535 1.2199 0.0061158 0.86443 -22.049 1.359 0.0005865 -5.5478 0.82876 -0.25639 -0.42995
0.035466 18.131 -25.242 -7.1263 -4.166 -8.4708 1.2353 0.018533 0.99025 -20.426 1.3852 0.00066913 -8.29 0.51812 -0.15122 -0.13651
0.029563 17.174 -23.464 1.5744 -6.6461 -5.8889 1.3944 0.0072055 0.90185 -20.321 1.2728 0.0004936 -6.0222 0.61882 -0.176 -0.20146
0.042542 24.355 -23.066 -7.1687 -3.5765 -7.0869 1.1357 0.00094002 0.9885 -22.344 0.92152 0.0005249 -6.206 0.86468 -0.071577 -0.050351
0.033836 47.649 -22.301 -5.1938 -5.2569 -9.131 1.4424 0.0019092 0.57581 -22.679 1.0618 0.00045515 -9.6956 0.61336 0.020177 0.31601
0.029832 44.985 -25.213 -6.1937 -4.2161 -8.1274 1.2844 0.0048443 0.59233 -22.745 1.3724 0.00060356 -7.1223 0.51295 -0.18851 -0.28901
0.022984 14.195 -24.126 2.0246 -4.5283 -8.3972 1.2675 0.0054581 0.2704 -20.933 0.88608 0.00042118 -8.9601 0.66807 0.10438 0.55118
0.025108 17.88 -22.474 -2.1035 -4.7307 -7.9918 1.0972 0.0038314 0.42984 -20.688 0.84008 0.00035181 -8.6351 0.55068 -0.16606 -0.036898
0.015783 10.048 -24.501 8.3655 -5.62 -8.0929 1.2018 0.0034606 0.25751 -26.121 1.1885 0.00062906 -5.6495 1.205 -0.086342 -0.19241
0.041027 11.139 -24.47 -4.4346 -8.5928 -9.0932 1.121 0.016459 0.32401 -21.397 1.2618 0.00025848 -13.074 1.1611 -0.010675 0.027261
0.0224 11.755 -25.859 -0.97771 -0.53691 -8.0264 1.4061 0.0096186 0.88867 -20.477 1.3942 0.00051523 -9.52 0.59004 -0.10013 0.058211
0.04367 10.308 -23.799 -6.0468 -5.9259 -2.2888 1.0136 0.0064232 0.73283 -20.406 1.1953 0.00060995 -7.1594 0.77322 0.10774 0.50226
0.024309 11.42 -24.218 0.37783 -4.6305 -6.8991 1.4948 0.0028372 0.98845 -22.605 0.83618 0.00019 -8.1244 0.76785 -0.11854 0.14546
0.041772 18.288 -22.423 -7.7683 -3.5184 -5.488 1.3627 0.00067182 0.64516 -20.174 1.385 0.00051612 -6.7596 0.9395 0.016031 0.16704
0.01412 10.799 -28.787 3.085 -4.1803 -6.8139 1.4292 0.0068578 0.42624 -21.71 1.0981 0.00050635 -7.7752 1.3112 -0.302 -0.37871
0.033613 10.269 -23.679 -4.6847 -5.632 -8.7238 1.0064 0.014183 0.78384 -25.069 1.3605 0.00040234 -5.2627 0.99956 -0.2759 -0.45248
0.039625 10.78 -23.684 -0.74312 -7.9518 -9.6473 0.90136 0.016684 0.51782 -21.368 1.4808 0.00058859 -6.3959 0.89407 -0.11149 0.054701
0.01918 18.146 -28.43 -2.9648 -0.14479 -9.3035 1.4066 0.012019 0.91247 -22.034 1.4256 0.0005642 -12.397 0.51566 -0.11739 0.048749
0.040873 11.257 -23.412 -7.8861 -6.6827 -8.3729 1.4179 0.010317 0.54214 -20.743 1.492 0.00036113 -5.126 0.55593 -0.054191 0.2824
0.039543 13.026 -26.682 -4.8311 -7.1982 -7.9667 1.1509 0.03074 0.84287 -20.055 1.3344 0.00072991 -5.1806 0.84798 -0.17912 -0.47092
0.057227 11.052 -22.785 -6.2101 -9.6697 -7.6278 1.2209 0.020859 0.44665 -20.699 1.492 0.00045494 -9.2739 1.2244 -0.165 -0.061524
0.042566 11.64 -22.752 -5.8645 -6.5681 -4.3155 1.189 0.0037998 0.92088 -23.072 1.0053 0.00038529 -8.17 0.59156 -0.11775 -0.014558
0.027424 38.547 -22.808 -0.32537 -7.65 -9.5762 1.3067 0.0059945 0.34196 -22.323 0.96935 0.0003082 -6.2505 0.61775 -0.061404 0.1365
0.041862 33.277 -25.439 -8.1544 -4.3993 -7.3361 1.4359 0.001184 0.59914 -27.277 1.2471 0.00039451 -12.05 1.0819 -0.15302 -0.11611
0.04489 10.102 -26.075 -7.8561 -4.6865 -8.638 1.252 0.012762 0.11033 -22.169 1.1363 0.00054035 -11.527 0.59328 -0.12995 0.098413
0.030551 11.476 -25.047 -5.1695 -3.9788 -9.5251 1.1788 0.010477 0.72386 -21.76 1.4501 0.00045747 -6.5621 0.64287 -0.2313 -0.20301
0.030511 17.494 -23.815 2.0276 -8.7991 -6.8402 1.4504 0.0053521 0.74312 -20.02 1.0599 0.00039452 -5.3255 1.0825 -0.098216 -0.28103
0.036626 15.274 -25.324 -8.2823 -4.1517 -8.9564 1.3944 0.020051 0.82553 -20.254 1.428 0.00055948 -8.3644 0.61923 -0.13014 -0.34014
0.025636 21.811 -23.306 -1.6175 -5.8112 -9.7162 1.4446 0.008486 0.91241 -23.026 1.272 0.00058587 -6.5511 0.56663 -0.087047 0.18874
0.030282 15.632 -23.99 -7.8941 -5.1226 -6.8455 1.2608 0.015285 0.002086 -20.042 1.4622 0.00049288 -5.7818 0.50341 -0.087727 -0.1814
0.03283 12.813 -24.744 -8.7667 -3.9079 -8.2372 1.1507 0.011682 0.16312 -21.532 1.2816 0.00041162 -7.2669 1.0248 -0.12439 -0.3743
0.05953 11.008 -23.061 -8.7853 -9.5029 -3.2586 1.3499 0.020878 0.35492 -20.517 1.4675 0.00063617 -6.1799 1.0242 0.012373 0.094301
0.020138 52.087 -25.971 -1.1144 -4.3368 -7.4319 1.2945 0.0056098 0.79814 -23.177 1.1911 0.00042423 -7.6367 0.55493 -0.2636 -0.24111
0.018109 12.605 -23.598 6.2757 -6.7309 -8.9807 1.4466 0.019442 0.82957 -20.244 1.4665 0.00054771 -5.3884 0.85522 -0.16973 -0.10472
0.042309 13.776 -25.884 -9.1716 -4.9996 -6.8292 1.3182 0.005522 0.28861 -20.953 0.93843 0.00027002 -11.161 0.93305 -0.19951 -0.3866
0.024778 11.038 -21.445 1.9668 -6.089 -7.7209 1.291 0.0039761 0.69674 -20.526 1.3998 0.00049547 -6.0576 1.4053 -0.26252 -0.29583
0.042014 13.927 -22.231 -4.1064 -7.1156 -9.162 1.2375 0.0018791 0.36793 -26.089 1.2596 0.00047113 -7.0319 1.4266 -0.05912 0.30595
0.048514 14.572 -23.747 -9.9637 -7.357 -9.2174 1.1412 0.0036267 0.22451 -24.147 1.1793 0.00048905 -7.5615 1.455 0.034497 0.37433
